9.647817794493784049e+01 1.917241827909278440e+00 1.272158899999999994e+04 3.675452645896589043e+00
9.186507214014793021e+01 2.275259036165806492e+00 1.170243499999999949e+04 4.014272614935001648e+00
9.589321733085458277e+01 1.880026613159470061e+00 1.156662299999999959e+04 3.863963106132554337e+00
9.388338297007467759e+01 2.415861938034244982e+00 1.132715799999999945e+04 3.639159949497478674e+00
9.833011898085395330e+01 1.929436612207272805e+00 1.121484100000000035e+04 3.904168767862804756e+00
9.458962606874452206e+01 2.421540254704170891e+00 1.082999300000000039e+04 3.988892399850593851e+00
9.391771260681007050e+01 1.919779104939211667e+00 1.150098199999999997e+04 3.867192439123824155e+00
9.683925027072645264e+01 1.951836752383534934e+00 1.142387199999999939e+04 3.871747115423471719e+00
9.442355598150609808e+01 1.425653598140007139e+00 1.184057500000000073e+04 3.951633395988904507e+00
9.977885934919638089e+01 1.831219617146977230e+00 1.260448400000000038e+04 3.708182624497011304e+00
9.575278146727488604e+01 2.181499026515530737e+00 1.083463899999999921e+04 3.805944382866673692e+00
9.485027816745026996e+01 2.020750662282826404e+00 1.085143000000000029e+04 3.832744162179737568e+00
9.366275699580205583e+01 2.453436310853894575e+00 1.109814899999999943e+04 3.866533380236917505e+00
9.616182311940845295e+01 1.952803830346013347e+00 1.141899299999999857e+04 3.882008463764999195e+00
9.560144951300298999e+01 2.358456390459637397e+00 1.047129099999999926e+04 3.928974330759753109e+00
9.621120551327368275e+01 2.102920610826498837e+00 1.198281700000000092e+04 3.656837183208127229e+00
9.431877820160610781e+01 1.055449451873656797e+00 1.208966599999999926e+04 3.926231751160316197e+00
9.589757842189371218e+01 1.924525146704319623e+00 1.143749300000000221e+04 3.868344519329170783e+00
9.157957511303978038e+01 2.185472451176185604e+00 1.242731900000000132e+04 4.085084005659502360e+00
9.362322503400854146e+01 2.062787092596388927e+00 1.167393399999999929e+04 3.753281652395505485e+00
9.259334553093448505e+01 2.638771664178075849e+00 1.106205299999999988e+04 3.799834925797926477e+00
9.515132407844210150e+01 1.986924964445129671e+00 1.258759400000000096e+04 3.323740601285886331e+00
9.366098713464472780e+01 2.383682861677467901e+00 1.112784199999999873e+04 3.885735200878012829e+00
9.693499076526995850e+01 1.866336610574232280e+00 1.225159599999999955e+04 3.887007894994589652e+00
9.561792948355865462e+01 1.893695681629018912e+00 1.151284900000000016e+04 3.872819372518518932e+00
9.394799865549984474e+01 1.915772083881870591e+00 1.151949500000000080e+04 3.844705874251888478e+00
9.796262724045880077e+01 2.199850391621930967e+00 1.093821199999999953e+04 3.751955890169849539e+00
9.397057339401094112e+01 2.604876583340570040e+00 1.183666899999999987e+04 3.565424754211093283e+00
9.982214030507677194e+01 1.838650033868346689e+00 1.250996800000000076e+04 3.851044098622300016e+00
9.257032002083337829e+01 2.620918834617376625e+00 1.092322099999999955e+04 3.825060482971919029e+00
9.763293660449443223e+01 1.937421248866189050e+00 1.128632099999999991e+04 3.900447365659140964e+00
9.685763603485121109e+01 1.861021934665695765e+00 1.162260299999999916e+04 3.971884755524764277e+00
9.729932008273176791e+01 1.973294448543783552e+00 1.237233799999999974e+04 3.764804639097616423e+00
9.308803171703284818e+01 2.582517374680993516e+00 1.213898099999999977e+04 3.540313583563269084e+00
9.896703757400094048e+01 1.850072431738706058e+00 1.237367199999999866e+04 3.853545460915180243e+00
9.544171966352999448e+01 2.084659485381782584e+00 1.124339400000000023e+04 3.769576818960630682e+00
1.010405813938598953e+02 1.861506869886000670e+00 1.255361000000000058e+04 3.751175111374454474e+00
9.411878254155405443e+01 1.987663917843698558e+00 1.247100400000000081e+04 3.393850044808945032e+00
9.479169892143936238e+01 2.439129766719851489e+00 1.104461199999999917e+04 3.766262043907777635e+00
9.429363308396662546e+01 2.221382296935539458e+00 1.104401099999999860e+04 3.815599529695991254e+00
9.722327025175042081e+01 1.853229243432380935e+00 1.177320499999999993e+04 3.901433327691604891e+00
1.016229513062232286e+02 1.841238489691570557e+00 1.264310200000000077e+04 3.700262175190051295e+00
1.010494137636872978e+02 1.857555720749159311e+00 1.255289500000000044e+04 3.698074326618874696e+00
9.748414304519114637e+01 1.967010741505871962e+00 1.229837800000000061e+04 3.753277411803008334e+00
9.551401782069002877e+01 1.962627104478585682e+00 1.284810000000000036e+04 3.554633265249188767e+00
9.714344970456266992e+01 1.991735274988499116e+00 1.222414999999999964e+04 3.813373755106333363e+00
9.728826509600774841e+01 2.121878528622992199e+00 1.064418100000000049e+04 3.980191077362896124e+00
9.383572162834391861e+01 2.617830628272713955e+00 1.195893599999999969e+04 3.586274541636240265e+00
9.287616037236121258e+01 2.085803439362493794e+00 1.145083499999999913e+04 3.746039691319966281e+00
9.283693079234207346e+01 2.401632911783263769e+00 1.113351699999999983e+04 3.880507726152281567e+00
9.772703274114711292e+01 2.180173103592304429e+00 1.123333799999999974e+04 3.771029400273605336e+00
9.355910553509471583e+01 2.093481548427365446e+00 1.139710100000000057e+04 3.709330704203455564e+00
9.457884257658044191e+01 2.229788673477972161e+00 1.089547899999999936e+04 3.924404773950962433e+00
9.864866208073999587e+01 1.853517355091635954e+00 1.244056999999999971e+04 3.866515526178079920e+00
9.189874846954798215e+01 2.224329276826868984e+00 1.256730700000000070e+04 3.984634718590890579e+00
9.155491315261454588e+01 2.301588073169903215e+00 1.214370699999999852e+04 4.047424911477630616e+00
1.003781012218389179e+02 1.866621574509085946e+00 1.246630999999999949e+04 3.731198595955512065e+00
1.005784581757684748e+02 1.860915961721522294e+00 1.259284599999999955e+04 3.769797811697130019e+00
9.755206005637587907e+01 1.958290613270239122e+00 1.267028600000000006e+04 3.376633968657348550e+00
9.711053918112159522e+01 1.851058853946316640e+00 1.186362900000000081e+04 3.899631196234663033e+00
9.449026051473022392e+01 1.985161498752891607e+00 1.246053199999999924e+04 3.355069315815923492e+00
9.328201596617994085e+01 2.474957730756278451e+00 1.088119700000000012e+04 4.035834735705071452e+00
9.327144747826913829e+01 1.962308642675766546e+00 1.300813000000000102e+04 3.494986594421473747e+00
9.433784473360702805e+01 2.421049335467260644e+00 1.081063599999999860e+04 4.022775295154593422e+00
9.561044064321022518e+01 2.527011678056259925e+00 1.189638999999999942e+04 3.618623409141147995e+00
9.375557075698253584e+01 2.057016606750403653e+00 1.169138800000000083e+04 3.760655944809117468e+00
9.553097314257669836e+01 1.936675024480330798e+00 1.289074699999999939e+04 3.644531680804397045e+00
9.646301456841509037e+01 1.871205333521464453e+00 1.167686900000000060e+04 3.979017635542699161e+00
9.425566238399211727e+01 2.565744561018999725e+00 1.206493400000000111e+04 3.532721353563454070e+00
9.367668989626105258e+01 2.422291799159917325e+00 1.128033400000000074e+04 3.727641824557892392e+00
9.185117436717406747e+01 2.268005430206785356e+00 1.231826499999999942e+04 4.058370442871213513e+00
9.484040742965453319e+01 2.418778213055891690e+00 1.123364199999999983e+04 3.684313521076936659e+00
9.402922015414691259e+01 1.904917756507297888e+00 1.135983300000000054e+04 3.949787106125675518e+00
9.504910544302771314e+01 2.227774852578713549e+00 1.079367699999999968e+04 3.842591591870007317e+00
9.511457627592994868e+01 2.401110254667069288e+00 1.056093500000000131e+04 3.965913616216412141e+00
9.538367705466758650e+01 2.431679949572622235e+00 1.041130000000000109e+04 3.979551051008110019e+00
9.494938875776864506e+01 2.320648253764668656e+00 1.071226500000000124e+04 3.916959627233059571e+00
9.459813410930178179e+01 1.985692020347171294e+00 1.230844499999999971e+04 3.568834576758695754e+00
9.489376012895482404e+01 2.093374540120083172e+00 1.138984899999999834e+04 3.735511063500392748e+00
9.555096091525236091e+01 2.363059091962214975e+00 1.045375699999999961e+04 3.949622960492936485e+00
9.410137755815854632e+01 1.372106475358086497e+00 1.216647799999999916e+04 4.026325396237551146e+00
9.152534863043844382e+01 2.173564050227595690e+00 1.236714899999999943e+04 4.114933841005024462e+00
9.394398454859772585e+01 1.483461693006334237e+00 1.199952800000000025e+04 3.957720115120712201e+00
9.723783654521280084e+01 1.858587407599342489e+00 1.160436800000000039e+04 3.929726407683362677e+00
1.005082446641574876e+02 1.822463658617667237e+00 1.251908899999999994e+04 3.841274725274725022e+00
9.625779237419975232e+01 1.917762030713585863e+00 1.137348199999999997e+04 3.883767136801956177e+00
9.490345721377444477e+01 1.989254095124689758e+00 1.079198400000000038e+04 3.912413150447901167e+00
9.492200612161596496e+01 1.935769816012341771e+00 1.151399800000000141e+04 3.839849477136338063e+00
9.465397976206817532e+01 2.148276937180510160e+00 1.239744600000000173e+04 3.284086406173290840e+00
9.495025911097806670e+01 2.414194043253760302e+00 1.050166899999999987e+04 3.957388261898526327e+00
9.292056192508681534e+01 2.528800008438016889e+00 1.095955899999999929e+04 4.018214905757892197e+00
9.970367022596309425e+01 1.843559661410618222e+00 1.243240500000000065e+04 3.862636080479625811e+00
9.557103118905672545e+01 2.065087989920185940e+00 1.083593399999999929e+04 3.865641281841047938e+00
9.683527836034484437e+01 2.163793800943089263e+00 1.056893000000000211e+04 3.859229864182806224e+00
9.485846348521953075e+01 1.961970849101922765e+00 1.135064900000000125e+04 3.895705990697021726e+00
9.531764357329622328e+01 2.535035082109065030e+00 1.199617399999999907e+04 3.595677636096010321e+00
9.352630562136411640e+01 1.919335342318317261e+00 1.155138100000000122e+04 3.852390594074720731e+00
9.343580084413507336e+01 2.059722966170132619e+00 1.135202499999999964e+04 3.896119583652238205e+00
1.011627676851167337e+02 1.824523129041834224e+00 1.260637800000000061e+04 3.807086060292089069e+00
9.503405913628000690e+01 1.998253437060860227e+00 1.086427299999999923e+04 3.885027191099135635e+00
9.444261930308337583e+01 2.458467160852814803e+00 1.046676399999999921e+04 3.948127996775324888e+00
9.451088872459311574e+01 2.142734432669483713e+00 1.249603000000000247e+04 3.276767067190838212e+00
9.368647744084240969e+01 2.425742955015700364e+00 1.112145200000000114e+04 3.737782225599150188e+00
1.016700067579268563e+02 1.841952556904484783e+00 1.250118599999999969e+04 3.692664006255309772e+00
9.238236863513500907e+01 1.921635656948246895e+00 1.121660199999999895e+04 3.924985605192488070e+00
9.499184823319635029e+01 1.915993619590091290e+00 1.142729500000000007e+04 3.910233929562860311e+00
9.491008638919396390e+01 2.385770840309961560e+00 1.076379599999999846e+04 3.968069801016811837e+00
9.550925711756013925e+01 2.413380351382228728e+00 1.047759300000000076e+04 3.963197931971004895e+00
9.514023580680984082e+01 2.408146976980986675e+00 1.053271099999999933e+04 3.959381162429251422e+00
9.583141665304879098e+01 2.184022824536376639e+00 1.073066899999999987e+04 3.809955928081309118e+00
9.681317257634320583e+01 1.900778086915904774e+00 1.257217600000000130e+04 3.617989363686063164e+00
9.370711222926638584e+01 2.382474975575975762e+00 1.107005500000000029e+04 3.896688890391507343e+00
9.402088996195952575e+01 2.087412194714603597e+00 1.162450399999999900e+04 3.740177285934336737e+00
9.630116606774299726e+01 2.069448373244117789e+00 1.090380400000000009e+04 3.779811085850384611e+00
9.396157455713395734e+01 2.428460592353383518e+00 1.129308400000000074e+04 3.673428984045747026e+00
9.551834672448043762e+01 1.931202109396444877e+00 1.276719599999999991e+04 3.666353903127806735e+00
9.999571351199490721e+01 1.872462500470644553e+00 1.244816200000000026e+04 3.687864010009529014e+00
9.351471421751124069e+01 2.635139616322633049e+00 1.189881700000000274e+04 3.686558919781467658e+00
9.796323004556279557e+01 1.926173164386184578e+00 1.125289499999999862e+04 3.892916107891481570e+00
9.674184470483476161e+01 2.124257344675405168e+00 1.022595500000000175e+04 3.993342187601072624e+00
9.371678875313290291e+01 2.553934976847897165e+00 1.205827000000000044e+04 3.543017458452734303e+00
9.591833528180485757e+01 1.879422686027626410e+00 1.257802700000000004e+04 3.812143551626154370e+00
9.390225819370189697e+01 2.260361292311212633e+00 1.091213200000000143e+04 3.801467780371075911e+00
9.327438589933771595e+01 2.464783969724224200e+00 1.106137500000000000e+04 3.757558111501758447e+00
9.564645139275368990e+01 1.988023809620530491e+00 1.083413000000000102e+04 3.911377711646391919e+00
9.568173750676098166e+01 1.926416584024246870e+00 1.281973900000000140e+04 3.683902716655308218e+00
9.466674573813506299e+01 2.415800805017317199e+00 1.037099800000000141e+04 3.997691249172221628e+00
9.329942512393107279e+01 2.591892517816467567e+00 1.204428200000000106e+04 3.516298437193103421e+00
9.605006859074151748e+01 2.523486070689989536e+00 1.197515099999999984e+04 3.606884367024374427e+00
9.779489494299401997e+01 2.206117331857827324e+00 1.115874400000000060e+04 3.735469422950915330e+00
9.485834609494639835e+01 1.007810696195076128e+00 1.190454699999999866e+04 3.936117254093533191e+00
9.857314201893835559e+01 1.852958007689324837e+00 1.231799700000000121e+04 3.895447932384390910e+00
1.015286640497097750e+02 1.822154873307039624e+00 1.253474599999999919e+04 3.822004894585317114e+00
9.545232909664207455e+01 2.003630288704891349e+00 1.083557700000000114e+04 3.874255990498789881e+00
9.641520130158468760e+01 1.950587403856898439e+00 1.131249100000000180e+04 3.876549581963621094e+00
9.623491789972862875e+01 2.111222325049959103e+00 1.233992100000000028e+04 3.288097226205667578e+00
9.609725515242271854e+01 2.359936695745689317e+00 1.060493699999999808e+04 3.866370904580460177e+00
9.268535328796700412e+01 2.584097979090655084e+00 1.093884799999999814e+04 3.840702770727852489e+00
9.821965293643816608e+01 2.201146029522158987e+00 1.121318399999999929e+04 3.740583786202032801e+00
9.520256492480515931e+01 2.226629494182015723e+00 1.117269700000000012e+04 3.761487154640223096e+00
9.394660930654310960e+01 1.917198353146247536e+00 1.153859199999999873e+04 3.851470689700708050e+00
9.342190410996542482e+01 1.950955983320930898e+00 1.146865599999999904e+04 3.828597377483490494e+00
9.708403253402060784e+01 1.978237726865084145e+00 1.139791100000000006e+04 3.857162067143208528e+00
9.527973073134715776e+01 1.947373278255302376e+00 1.281061999999999898e+04 3.649399761679365639e+00
9.536747438551324763e+01 2.343971100712625155e+00 1.133399499999999898e+04 3.759965681516401315e+00
9.323420929958136583e+01 2.446498023789300813e+00 1.100876499999999942e+04 4.006262733795129982e+00
9.445977774265989524e+01 2.425801188319272494e+00 1.041897099999999773e+04 3.995200877156664721e+00
9.424486447046848525e+01 2.424004295111922946e+00 1.107975100000000020e+04 3.753785323015592645e+00
9.269154747811626294e+01 2.522009204387475112e+00 1.114061399999999958e+04 3.982900963417573159e+00
9.636746501536475762e+01 1.867758369300655641e+00 1.233140799999999945e+04 3.893485145834663985e+00
9.380745567047907230e+01 2.290938653752528698e+00 1.116381799999999930e+04 3.893232368571934554e+00
9.572572720068778551e+01 2.107314529162862105e+00 1.248004999999999927e+04 3.281490654379099592e+00
9.495733723697181006e+01 2.113622853186958750e+00 1.228399699999999939e+04 3.220828779377860940e+00
9.296131467806861792e+01 2.079440691335314284e+00 1.161807800000000134e+04 3.803243590333180713e+00
9.758659224363384510e+01 1.854784524421146052e+00 1.234186200000000099e+04 3.880514632369375772e+00
9.501840136208379306e+01 2.073527107626206956e+00 1.085130100000000130e+04 3.847637698013396168e+00
9.633935555058941702e+01 2.126314668417230269e+00 1.009994800000000032e+04 4.006588243989422260e+00
9.477968191647983076e+01 1.974545948029629239e+00 1.152438500000000022e+04 3.817935154318297997e+00
9.519827364612180531e+01 2.214542639815109570e+00 1.075733100000000013e+04 3.798197157829199533e+00
9.477934030420477995e+01 1.894949240658993395e+00 1.148494400000000132e+04 3.864597342599206620e+00
9.803432358666299251e+01 1.891377462329721038e+00 1.248983499999999913e+04 3.661145200321729742e+00
9.315419821861109995e+01 2.091601709336363690e+00 1.128403600000000006e+04 3.771891825049029201e+00
9.417140053198707506e+01 1.980128205871810376e+00 1.276275799999999981e+04 3.483794334673934845e+00
9.406290109913200581e+01 2.460395701530589729e+00 1.109291600000000108e+04 3.785524722152666666e+00
9.781181772869909707e+01 2.206045640366826266e+00 1.109771999999999935e+04 3.740151748252566577e+00
9.490803999768799315e+01 2.055555748222646084e+00 1.084393399999999929e+04 3.896818671175076965e+00
9.805156685061680832e+01 2.203270172828938112e+00 1.111931999999999789e+04 3.730811679723267993e+00
9.472098457251497905e+01 2.247742478556812085e+00 1.084307899999999972e+04 3.867485135335181123e+00
9.477833626102233211e+01 1.988256198874144287e+00 1.245555400000000009e+04 3.510583768428498175e+00
9.518248226222996777e+01 2.422924610981101345e+00 1.120175399999999900e+04 3.676266659751810995e+00
9.622094128228233956e+01 2.102133940418554392e+00 1.220898200000000179e+04 3.622829174826860399e+00
9.803587536750241327e+01 1.921835474673683208e+00 1.124722699999999895e+04 3.885898124736558046e+00
9.696383714534120202e+01 1.858897297398841353e+00 1.147198899999999776e+04 3.961534530562693668e+00
9.673536187189692725e+01 1.910823181351626099e+00 1.257489700000000084e+04 3.627697734323839018e+00
9.482958076612423781e+01 2.224828742810456728e+00 1.081061999999999898e+04 3.852879189487380618e+00
9.508356199435648648e+01 2.512064104484035276e+00 1.216498800000000119e+04 3.615332592420520630e+00
9.564261115681162551e+01 1.937718723422054312e+00 1.281915600000000086e+04 3.640879703279748192e+00
9.279920420271756143e+01 2.085708594830675722e+00 1.155332299999999850e+04 3.751767679768024166e+00
9.456562893048585750e+01 1.938476650642885213e+00 1.146604399999999805e+04 3.820561634120925198e+00
9.398761195765965226e+01 2.049738280795626366e+00 1.166195200000000114e+04 3.770928543096429220e+00
9.528066408743615057e+01 1.895779526157168826e+00 1.131780999999999949e+04 3.936866213251529079e+00
9.583920526606773649e+01 2.209139649950276674e+00 1.104275200000000041e+04 3.696766095989568957e+00
9.346375711509034545e+01 2.037093134947447925e+00 1.178397700000000077e+04 3.751674801507001611e+00
9.478174350048088570e+01 2.419392215082251330e+00 1.126142100000000028e+04 3.659624485691999496e+00
9.453790647538390601e+01 2.599087461253338560e+00 1.192682099999999991e+04 3.516254703068447007e+00
9.153240070939907014e+01 2.418439086995407994e+00 1.164387800000000061e+04 3.948745563611447906e+00
9.551187503289683889e+01 2.409368438905426846e+00 1.050916100000000006e+04 3.952714076928925291e+00
9.524806965664532754e+01 1.893224436151986989e+00 1.156241300000000047e+04 3.838814289821400383e+00
9.721573502229870201e+01 1.857864032412550159e+00 1.226891299999999865e+04 3.870049566201520630e+00
1.004389841084273343e+02 1.822055443055004664e+00 1.261998200000000179e+04 3.883322096615937635e+00
9.543359289235017684e+01 2.059779117328962350e+00 1.078797899999999936e+04 3.904192078706441471e+00
9.590911540904157562e+01 1.892479090357309213e+00 1.149106199999999990e+04 3.864471534998605851e+00
9.650418132459851961e+01 1.921438522120133996e+00 1.267310599999999977e+04 3.685219360151851475e+00
1.017596727406915988e+02 1.841644050616355388e+00 1.255385800000000017e+04 3.678041555532719276e+00
9.541132653277230702e+01 1.961630417653547509e+00 1.241082299999999850e+04 3.709129609724316268e+00
9.418110439734800821e+01 2.588852758991604830e+00 1.190357299999999850e+04 3.520297734296299996e+00
9.392765443286513971e+01 2.095564811264856608e+00 1.143623700000000099e+04 3.699763669791921394e+00
9.438326513478020274e+01 2.473883828072902080e+00 1.103938999999999942e+04 3.790484202311120043e+00
9.282990128386954609e+01 2.474606021870568107e+00 1.111325699999999961e+04 4.014682747886654468e+00
9.344023833334499329e+01 2.462070404378768895e+00 1.079444499999999971e+04 4.047104238202802406e+00
9.702831214477572530e+01 1.857045121929716158e+00 1.182347599999999875e+04 3.874094555628045278e+00
9.522599986056562216e+01 2.093583114498849262e+00 1.129864400000000023e+04 3.762377466826241079e+00
9.516761242161037160e+01 2.411699674011403172e+00 1.053009900000000016e+04 3.964940072614793642e+00
9.467615630748176159e+01 1.244096261029003170e+00 1.185437500000000000e+04 3.920129970730411362e+00
9.565089614733490464e+01 1.906494355157554610e+00 1.122006699999999910e+04 3.944134406848661012e+00
9.573831651720179536e+01 2.170302678730914980e+00 1.066792399999999907e+04 3.832715965152468929e+00
9.365931417155249505e+01 2.659215859994978892e+00 1.106014300000000003e+04 3.796859873845205069e+00
9.360948573314004761e+01 1.971549352793407595e+00 1.144761499999999978e+04 3.873958817582865422e+00
9.650603340640388694e+01 2.125947685494783634e+00 1.217577299999999923e+04 3.155049595419851638e+00
9.597919947240438887e+01 1.952748569772697396e+00 1.134712899999999900e+04 3.898535979187716549e+00
1.004540767512935702e+02 1.823596529672508959e+00 1.258094000000000051e+04 3.836784143816545978e+00
9.626234368873713265e+01 1.894727931844674140e+00 1.162885200000000077e+04 3.821852761594499714e+00
9.336329854568576536e+01 2.371303399233466891e+00 1.097580700000000070e+04 3.897396618850665906e+00
9.521821895779910960e+01 2.072558853781853117e+00 1.085912099999999919e+04 3.824311903458067263e+00
9.388622462838249305e+01 2.410380937216076713e+00 1.092784599999999955e+04 3.944707425559416336e+00
9.468238006091095826e+01 1.950886269989848154e+00 1.293372900000000118e+04 3.583107202925766455e+00
9.436849521351608416e+01 1.189462356578146585e+00 1.191721399999999994e+04 3.920744480210337723e+00
9.443166767954980401e+01 2.460517077326198176e+00 1.040044500000000153e+04 4.059481667009473327e+00
9.726646637284218855e+01 1.987596586013161692e+00 1.229598800000000119e+04 3.808780331939602082e+00
9.507051920374489384e+01 2.143744823318101567e+00 1.222165899999999965e+04 3.308277833099122045e+00
9.517029927347864771e+01 2.065132480750226929e+00 1.083084300000000076e+04 3.892279807806554359e+00
9.646243468930771314e+01 2.140462306400447989e+00 9.878747000000001208e+03 4.025133472896063047e+00
9.394150965314847213e+01 1.538867226232062624e+00 1.190850100000000020e+04 3.940717287073944863e+00
9.520256633546156877e+01 2.504697373358238721e+00 1.210092799999999988e+04 3.598183923644120874e+00
9.527972748415616877e+01 2.019088065591392311e+00 1.087761899999999878e+04 3.825543571947212396e+00
9.545353473015268264e+01 1.998091657343635807e+00 1.086094199999999910e+04 3.897992060667531344e+00
9.382344662994529472e+01 2.065122097026312886e+00 1.170619900000000052e+04 3.742308326975325006e+00
9.681869468018754787e+01 1.959338696829323823e+00 1.134241899999999987e+04 3.858701064523137436e+00
9.521715725683229437e+01 1.935080840420680737e+00 1.172335999999999876e+04 3.840739471234538627e+00
9.708784828585417870e+01 1.902438279830974688e+00 1.141843699999999990e+04 3.879917319571167589e+00
9.468029661545097042e+01 1.973496269697210259e+00 1.282205999999999949e+04 3.468264153207642586e+00
9.461755947556835622e+01 1.984611840002963756e+00 1.247381499999999869e+04 3.341211549282403048e+00
9.518473803360517138e+01 2.075932910253198482e+00 1.088701499999999942e+04 3.803081181400246535e+00
9.457949442103800664e+01 1.967240381499143265e+00 1.276016699999999946e+04 3.468633168780962173e+00
9.662884384422045514e+01 1.950316058649192996e+00 1.267240899999999965e+04 3.681461258389977065e+00
9.492838079050022770e+01 1.020946510256966366e+00 1.198033700000000135e+04 3.931645603783643583e+00
9.662400760181965609e+01 1.916486212946673984e+00 1.130093399999999747e+04 3.901054381844351493e+00
9.314765616602876719e+01 1.907398580287587242e+00 1.126705500000000029e+04 3.930611113058269712e+00
9.330832038226900238e+01 2.062811115492565683e+00 1.162883799999999974e+04 3.778986882118252399e+00
9.708091176582310311e+01 1.953665442368884397e+00 1.129719399999999951e+04 3.879857850553855680e+00
9.872522753148503227e+01 2.195788125112509093e+00 1.118518300000000090e+04 3.751224794444328658e+00
9.496752577708559784e+01 1.987933833734532474e+00 1.086193700000000172e+04 3.909002108255923424e+00
9.763393872970831922e+01 1.851338137854922516e+00 1.182455700000000070e+04 3.906124418568415635e+00
9.564355724614347309e+01 2.020537052523797339e+00 1.082636900000000060e+04 3.832155904612540631e+00
9.894254520835889366e+01 1.840174906663517795e+00 1.237249500000000080e+04 3.871277530554283697e+00
9.348341149418860141e+01 2.387674930051276512e+00 1.098939899999999943e+04 3.880964609207372185e+00
9.761861810876008860e+01 1.962828748016252289e+00 1.236360500000000138e+04 3.736244368867478016e+00
9.111551960933924477e+01 2.518003498104215421e+00 1.145840999999999985e+04 3.923263480026764505e+00
9.165624716968036978e+01 2.488344082176602079e+00 1.137928499999999985e+04 3.934969301985840495e+00
9.434164578451968453e+01 1.882991849960090391e+00 1.124315099999999984e+04 3.940773230131898952e+00
9.660315631377743273e+01 1.947964399922398337e+00 1.242958400000000074e+04 3.762882115578188635e+00
9.633731295849071330e+01 2.131632053764811463e+00 1.002614800000000105e+04 4.028856735822622603e+00
9.151926610899575110e+01 2.719069111009834838e+00 1.143041100000000006e+04 4.004385298069713883e+00
9.532527228476349990e+01 1.885865360192545248e+00 1.143797199999999975e+04 3.875507022474382168e+00
9.358148682570856636e+01 2.072731071741328535e+00 1.156061899999999878e+04 3.773188316284862953e+00
9.455319268625834184e+01 1.873864149762589859e+00 1.133251199999999881e+04 3.973001988232337300e+00
9.662930191906471578e+01 1.865664882619401332e+00 1.152247799999999916e+04 3.949470204922655103e+00
9.286678776993339568e+01 1.965902165777479116e+00 1.150173500000000058e+04 3.847386787045417478e+00
9.470420781486504325e+01 1.916578830431708846e+00 1.148464300000000003e+04 3.877367216820472251e+00
9.385525911649750697e+01 2.083512697329704011e+00 1.131694099999999889e+04 3.881678645954227846e+00
1.010159305403535370e+02 1.858171813819192275e+00 1.259180799999999908e+04 3.725510241643550824e+00
9.634464767261189877e+01 1.924689790016663071e+00 1.256568700000000172e+04 3.762800884781995592e+00
9.790188294807842340e+01 2.197655682802876154e+00 1.093296900000000096e+04 3.768640465818872354e+00
9.614369545731096878e+01 1.872067641062081789e+00 1.254382999999999993e+04 3.840851019213888051e+00
9.525828193098193708e+01 1.988158338798373004e+00 1.083402700000000004e+04 3.903644031044136042e+00
9.535300029738471039e+01 2.205363632818933439e+00 1.076214900000000125e+04 3.791129081837826043e+00
9.502866917502460353e+01 2.415014369663990745e+00 1.048884699999999975e+04 3.969139437770819789e+00
9.562661539980601333e+01 2.081251778754842796e+00 1.076918599999999969e+04 3.818478363371299089e+00
9.829584977696535475e+01 1.930053588189817981e+00 1.123822099999999955e+04 3.907001617213965439e+00
9.621580005732141672e+01 1.867244058124382988e+00 1.235980299999999988e+04 3.893695099946972160e+00
9.400565159555047501e+01 2.434075721098374334e+00 1.118803299999999945e+04 3.735622833404120158e+00
9.403322152583822913e+01 2.104281938489802606e+00 1.116839400000000023e+04 3.777575108084128885e+00
9.440232357927790474e+01 1.073260612084511179e+00 1.202200900000000001e+04 3.929332194829497471e+00
9.339019301905646842e+01 2.296936121970746036e+00 1.107460099999999875e+04 3.902569806513443762e+00
9.412009150336646712e+01 2.339218535285420231e+00 1.117009000000000015e+04 3.775620137579612123e+00
9.585381909504019404e+01 2.105351285984809806e+00 1.109159000000000015e+04 3.803078180452565960e+00
9.684254710708965774e+01 2.065184941100855376e+00 1.089326099999999860e+04 3.810145017529437794e+00
9.294557022903127574e+01 1.972406151990561352e+00 1.157068900000000031e+04 3.822114981963487867e+00
9.550942966953496693e+01 1.991602271896252940e+00 1.075544999999999891e+04 3.916699403238369737e+00
9.503654877435248238e+01 2.426938303430320687e+00 1.045900799999999981e+04 3.966087099119203430e+00
9.457573381555835113e+01 2.577330832732906973e+00 1.204052200000000084e+04 3.537323409811206520e+00
9.492565634923137452e+01 2.461865984205840352e+00 1.049173799999999937e+04 3.897680475178522119e+00
9.400327372744108345e+01 1.983133538823042663e+00 1.230448800000000119e+04 3.579358753578290475e+00
9.460123190993175513e+01 2.574200949562868601e+00 1.199431999999999971e+04 3.538005775387962348e+00
9.353903320514605468e+01 2.438751302237100127e+00 1.115776299999999901e+04 3.735508300409583704e+00
9.474610020111688868e+01 1.039373540256879336e+00 1.200687699999999859e+04 3.935074244577425162e+00
9.445622576047331620e+01 2.589397050873519568e+00 1.208273199999999997e+04 3.518096161029577118e+00
9.297084810694772727e+01 2.436425953085648466e+00 1.113116799999999967e+04 4.066776546471658982e+00
9.770473819670057480e+01 1.931985992152230214e+00 1.116956899999999951e+04 3.922116613105870009e+00
9.823634051885031226e+01 2.202626913027249334e+00 1.109090899999999965e+04 3.735598357596118468e+00
1.006544662593397561e+02 1.829992422275948050e+00 1.247236199999999917e+04 3.773359788824777628e+00
9.321946327438708124e+01 1.924724033619746200e+00 1.147519199999999910e+04 3.845660489885723621e+00
9.749322681056365525e+01 1.946675695619679791e+00 1.242610699999999997e+04 3.778972535033891411e+00
9.203482251077144838e+01 2.272028452539288867e+00 1.171739099999999962e+04 4.088495398580321627e+00
9.633964890845597040e+01 1.913774924298272229e+00 1.133139600000000064e+04 3.884086302025663962e+00
9.629654023842903143e+01 1.893473781273817158e+00 1.146788600000000042e+04 3.847244759665596980e+00
9.464526688372060903e+01 2.414920445472525934e+00 1.063948199999999997e+04 3.987289929971381319e+00
9.433396920036119582e+01 1.927045648087901464e+00 1.145806699999999910e+04 3.850840884692347643e+00
9.434203074551747648e+01 1.897684452670235888e+00 1.151151100000000042e+04 3.913612164505449798e+00
9.516189496037029016e+01 2.196003967625664632e+00 1.085618999999999869e+04 3.817793286470024139e+00
9.435961059595673817e+01 2.439282756844856070e+00 1.112825000000000000e+04 3.735517787993083427e+00
9.631597424168592170e+01 2.144413996025986702e+00 9.994895000000000437e+03 4.008126259053747198e+00
9.588917799258666719e+01 1.875835743876735240e+00 1.241478499999999985e+04 3.829197163165927620e+00
9.246875844474806172e+01 1.940717649647501819e+00 1.126147799999999916e+04 3.900012100320834119e+00
9.751775323924169925e+01 1.964812429650454328e+00 1.230315799999999945e+04 3.694787174715175038e+00
9.399012434791167436e+01 1.918647734037018271e+00 1.150640300000000025e+04 3.885437270626614925e+00
9.588019863620289129e+01 2.352576337272347384e+00 1.050034999999999854e+04 3.904647040770694577e+00
9.195282072809534668e+01 2.585026469833717755e+00 1.104646100000000115e+04 3.827678206114880854e+00
9.321492345893975084e+01 2.485367563253738421e+00 1.101122500000000036e+04 4.009219628142209224e+00
9.380798879419404557e+01 2.425383991556056884e+00 1.121558299999999872e+04 3.682079796539636352e+00
9.442004254513017258e+01 1.597750281082900958e+00 1.180629200000000128e+04 3.944985448204793688e+00
9.360191261297025278e+01 2.430353097779126337e+00 1.118859300000000076e+04 3.740897906401064787e+00
9.478686324676171182e+01 1.982315998014241076e+00 1.248622799999999916e+04 3.627154182952180506e+00
9.185642712894039619e+01 2.477393719710673459e+00 1.138553299999999945e+04 3.912275759529364905e+00
8.956512001414532165e+01 2.203236329880501998e+00 1.236724300000000039e+04 4.070640526323545672e+00
9.473930836639623010e+01 2.462713863308382933e+00 1.050796600000000035e+04 3.920703867702504564e+00
9.523374287234143765e+01 2.315517880973934517e+00 1.066803400000000147e+04 3.901332627177961143e+00
9.380545711664483122e+01 2.094646232122142848e+00 1.137061399999999958e+04 3.716901602805330107e+00
9.559857556820165314e+01 2.219969393336358898e+00 1.072099399999999878e+04 3.793565735665491268e+00
9.743823023817519413e+01 1.946588629529630632e+00 1.243346099999999933e+04 3.723943524033057617e+00
1.002211907075551807e+02 1.871355716402783864e+00 1.253456799999999930e+04 3.702162682721498399e+00
9.159065580014966201e+01 2.296852434810612298e+00 1.177332400000000052e+04 3.984285945491186531e+00
9.562281351159113285e+01 2.012053012817721420e+00 1.094378099999999904e+04 3.835940044999927689e+00
9.463016435515122282e+01 2.435875405682509154e+00 1.105877900000000045e+04 3.743920382413337578e+00
9.362367812143315859e+01 2.072083015058526545e+00 1.139160900000000038e+04 3.891353693932094515e+00
9.450122170603017935e+01 1.941634559212173539e+00 1.286178000000000065e+04 3.643391611840580246e+00
9.452648512679517978e+01 1.891816666179180650e+00 1.154257200000000012e+04 3.874190657813917582e+00
9.768909351477245195e+01 1.850736612083456301e+00 1.189349199999999837e+04 3.897624306408081551e+00
9.342771475922488378e+01 2.540137385000087455e+00 1.104697000000000116e+04 3.879436045701302405e+00
9.304419894969220195e+01 2.423816599472809141e+00 1.136839600000000064e+04 3.721265177983695160e+00
1.012537077088324224e+02 1.850493536433788222e+00 1.264808799999999974e+04 3.701802419507424613e+00
9.484651407958082814e+01 1.990828404256121953e+00 1.233302000000000044e+04 3.457809490996464064e+00
9.673734950784822217e+01 1.951529838554031837e+00 1.130606599999999889e+04 3.880676451039710706e+00
9.463987358685673712e+01 2.199019368631415006e+00 1.085055299999999988e+04 3.782398850314289795e+00
9.111127074120534530e+01 2.399858201755308507e+00 1.197654500000000007e+04 3.923976662274892391e+00
9.593046970785447058e+01 1.787501925854739770e+00 1.178923000000000138e+04 3.986542781719344841e+00
9.693673747490332460e+01 1.891510856584991851e+00 1.278411700000000019e+04 3.811493671423050955e+00
9.340371521658357779e+01 2.586451183241190499e+00 1.202439999999999964e+04 3.534787331025480484e+00
9.347861670000713730e+01 2.412440066080762779e+00 1.091711400000000140e+04 3.914649908162704861e+00
9.647628021240677754e+01 2.153732123409440202e+00 1.035301899999999841e+04 3.961087116384958584e+00
9.394892415662383200e+01 2.598534617001637681e+00 1.191497099999999955e+04 3.543433102412398839e+00
9.443734820125774831e+01 2.211329488930637854e+00 1.085242000000000007e+04 3.934961673876864907e+00
9.394856781468638474e+01 1.913764334688428770e+00 1.158154500000000007e+04 3.857837164473776337e+00
9.318078208231176518e+01 2.065874333277245789e+00 1.173469800000000032e+04 3.727553775363993793e+00
9.672399854457131596e+01 1.953019137015037821e+00 1.132254600000000028e+04 3.869823238539376931e+00
9.894137379294856771e+01 2.200373460775507439e+00 1.108744299999999930e+04 3.707593741812635457e+00
9.801927285931584777e+01 2.180908172046668980e+00 1.123033199999999852e+04 3.773955566949046325e+00
9.424984904858146706e+01 1.901943949732445516e+00 1.147823400000000038e+04 3.913783174026634004e+00
9.400670054680263377e+01 1.897966546543340405e+00 1.130601300000000083e+04 3.963817291306008350e+00
9.485758111915194490e+01 2.407842019396515099e+00 1.074066799999999967e+04 3.976862619212982786e+00
9.409526976261631148e+01 1.960592651121459751e+00 1.288147099999999955e+04 3.506790389954798748e+00
9.372266718649960637e+01 2.441818496986350784e+00 1.098151699999999983e+04 3.886185573352181954e+00
9.368675223677227848e+01 2.089438449078526716e+00 1.148387300000000141e+04 3.683218438975105258e+00
9.523827772310139039e+01 2.208959184325201441e+00 1.081348300000000017e+04 3.783006594842227344e+00
9.447639381919913149e+01 1.964022091647354973e+00 1.292004000000000087e+04 3.493936420840674906e+00
9.502058891717241806e+01 2.504340795712515444e+00 1.200527000000000044e+04 3.629917920890072480e+00
9.340928634090836624e+01 2.090649094209716896e+00 1.137430699999999888e+04 3.735778910156374089e+00
9.540582239977945278e+01 1.995179660867742122e+00 1.094494399999999951e+04 3.886446578387413808e+00
9.581353993922324719e+01 1.881393478343526215e+00 1.155783799999999974e+04 3.844761012205073936e+00
1.011675689778879388e+02 1.828332766476886251e+00 1.251573399999999856e+04 3.790992619994967949e+00
9.721394222851684219e+01 1.998421965209125961e+00 1.214546800000000076e+04 3.808038168679744206e+00
9.521773294485768702e+01 2.359759982012703095e+00 1.052447599999999875e+04 3.953814603787637161e+00
9.559107888182994373e+01 2.502851224628673155e+00 1.200129999999999927e+04 3.588393765580041972e+00
9.401467738533729346e+01 2.225248225628094545e+00 1.096049400000000060e+04 3.903531515128916940e+00
9.559565397457525648e+01 2.467604280977773179e+00 1.044267100000000028e+04 3.925308585003006723e+00
9.349018931047933734e+01 2.426369832064130705e+00 1.043674499999999898e+04 3.966852916911304927e+00
9.411808747471651770e+01 2.443979752154580076e+00 1.111367200000000048e+04 3.742277712980825122e+00
9.648423717668325139e+01 1.866409818922340147e+00 1.238008299999999872e+04 3.874006109886417359e+00
9.618558171574892413e+01 1.865285505871547622e+00 1.228174099999999999e+04 3.897567962898964566e+00
9.741144406204162465e+01 1.920432801782372412e+00 1.127476100000000042e+04 3.917080776180935864e+00
9.310330261654904405e+01 2.015161070978711333e+00 1.124205299999999988e+04 3.908560882770693912e+00
9.727489161333774348e+01 1.854742772312489851e+00 1.173937600000000020e+04 3.896712080829974667e+00
1.006901380566404214e+02 1.859672702592705562e+00 1.248055100000000130e+04 3.766096654743444017e+00
9.284858738103891085e+01 2.597906355154124824e+00 1.093658299999999872e+04 3.813505744153313781e+00
9.498801728971498903e+01 2.413372225252736758e+00 1.051075199999999859e+04 3.951260321530700281e+00
9.495301750543092112e+01 2.427506602496212640e+00 1.041323500000000058e+04 3.967780659567660351e+00
9.689140403142198466e+01 1.950064130670851492e+00 1.129747699999999895e+04 3.881778608982040080e+00
9.710564390991737582e+01 2.142984371141130051e+00 9.767256999999999607e+03 4.028413059812771202e+00
9.529690051783961735e+01 2.204887220230034917e+00 1.075490499999999884e+04 3.812639662677772101e+00
9.863654148596623372e+01 2.181644491816491893e+00 1.111588899999999921e+04 3.765338283542821074e+00
9.566459699413914564e+01 2.127713108570765232e+00 1.230035099999999875e+04 3.180368089131317522e+00
9.370073934984158370e+01 1.947156437037906418e+00 1.159701900000000023e+04 3.843122133552400399e+00
9.554489360381509755e+01 1.869661410521687106e+00 1.248021500000000015e+04 3.860302986796698033e+00
9.727890280340567131e+01 1.931767677004205597e+00 1.123947700000000259e+04 3.923061952057360635e+00
9.784564339719592851e+01 1.931731923952140217e+00 1.127762500000000000e+04 3.909746050649636651e+00
9.332220250571785414e+01 2.065323898927736046e+00 1.180113599999999860e+04 3.733362773906327092e+00
9.296108373413458992e+01 2.094392028257213045e+00 1.123052400000000125e+04 3.775747476082337073e+00
9.278251625272920933e+01 2.568273715681389291e+00 1.087177499999999964e+04 3.837164327316137769e+00
9.377692595123325248e+01 2.410549094426640782e+00 1.088770000000000073e+04 3.866814293729607499e+00
9.434091267478341081e+01 1.126007630335880583e+00 1.199222899999999936e+04 3.909362912260551326e+00
9.600862246780374676e+01 2.177145231060638952e+00 1.086290099999999802e+04 3.811972385442904177e+00
9.652642649468947411e+01 2.143872963531199272e+00 1.009772799999999916e+04 3.997890823819687078e+00
9.703233995243765264e+01 1.952795207133070310e+00 1.268922299999999996e+04 3.408538803218188473e+00
9.369467482710838624e+01 2.446758490127527885e+00 1.111443699999999808e+04 3.868298218557900903e+00
9.519225014222135428e+01 2.214610418098807099e+00 1.072756600000000071e+04 3.809194418182483499e+00
9.566472828889949653e+01 2.107784929030487309e+00 1.248378199999999924e+04 3.313808311669282247e+00
9.177650249101341728e+01 2.425054178731760768e+00 1.153379600000000028e+04 3.933237262472600637e+00
9.352945883695524287e+01 2.090553943501566980e+00 1.141196900000000096e+04 3.728089569314843033e+00
9.533938045126762972e+01 1.932496382769781640e+00 1.273006899999999951e+04 3.654392451174656831e+00
9.526903151432659911e+01 2.115378338588036033e+00 1.234431300000000010e+04 3.168822875433455089e+00
9.369020498496715277e+01 2.096563439553097208e+00 1.127868699999999808e+04 3.770575215285253190e+00
9.608369188941222205e+01 1.867430233077400192e+00 1.245265899999999965e+04 3.889539433049330697e+00
9.576826557015158414e+01 2.111418974233951307e+00 1.256251400000000103e+04 3.279455367766809459e+00
9.781777962441701391e+01 1.931959082636454994e+00 1.117141899999999987e+04 3.924857515463977986e+00
9.452755285314144373e+01 1.900231844643592405e+00 1.145378900000000067e+04 3.894019877501231353e+00
9.203785782854976105e+01 2.088811354112062979e+00 1.134513899999999921e+04 3.744993614843524110e+00
9.417510055659849399e+01 2.578587106987984878e+00 1.196264400000000023e+04 3.538214626638953142e+00
9.161860700931619306e+01 2.236868974938560850e+00 1.254855400000000009e+04 4.003066688495962033e+00
9.504857319193241949e+01 1.004468639432386290e+00 1.201091199999999844e+04 3.931554713743245166e+00
9.640601853651688202e+01 1.862943155107115834e+00 1.224877600000000166e+04 3.889083736942304359e+00
9.459308758367555470e+01 2.211775499574513582e+00 1.089146199999999953e+04 3.922841545305391087e+00
9.918102166403586750e+01 2.183849550125028571e+00 1.107631000000000131e+04 3.775872560940916056e+00
9.645986654177985997e+01 2.104828697589723685e+00 1.104470200000000114e+04 3.777259203323074743e+00
9.563462107304475524e+01 2.011796483777292810e+00 1.090640899999999965e+04 3.844828411981402017e+00
9.650513611758846366e+01 2.147920535627015681e+00 1.009710899999999856e+04 3.980986537181581575e+00
9.443719355386716074e+01 1.877732020362375298e+00 1.127657099999999991e+04 3.972854088584534704e+00
9.290311705839617673e+01 2.664981854894362456e+00 1.108197400000000016e+04 3.793448492156111573e+00
9.571189297260654882e+01 2.129489681602573903e+00 1.219483799999999974e+04 3.165146816752447467e+00
9.469110242207527506e+01 2.593318989362077609e+00 1.199136499999999796e+04 3.508275223575274548e+00
9.406978462664473284e+01 2.445467564974441288e+00 1.105225599999999758e+04 3.744715250197638845e+00
9.163641110238931731e+01 2.181784998555884147e+00 1.243285599999999977e+04 4.109767080882913426e+00
9.447370403879750711e+01 2.441458843072329632e+00 1.106621099999999933e+04 3.766307950789367531e+00
9.320605605840873409e+01 2.088256100540458515e+00 1.150281899999999951e+04 3.735855817805239454e+00
9.568789665876759898e+01 1.935870233954107400e+00 1.158921399999999994e+04 3.821038116085778036e+00
9.334025717798911614e+01 2.074889832137291279e+00 1.148684499999999935e+04 3.749340099712625829e+00
9.460657798188498191e+01 2.050161799188457756e+00 1.086104200000000128e+04 3.877901363835219772e+00
9.876470056483995563e+01 1.847007398032828984e+00 1.248861599999999817e+04 3.845589951272712526e+00
9.153382555826914313e+01 2.224206155940496199e+00 1.242319299999999930e+04 4.029758195238204443e+00
9.510652351577982699e+01 1.067900234335825704e+00 1.187689800000000105e+04 3.934252036223358395e+00
9.358332795058045406e+01 1.916596299406331250e+00 1.158198500000000058e+04 3.866257463725139676e+00
9.622695922869307594e+01 2.163852720471008517e+00 1.066538099999999940e+04 3.843886409913215729e+00
9.882179521111108045e+01 1.853039898059519963e+00 1.243318399999999929e+04 3.889527095029349901e+00
9.541801433787152575e+01 2.125953399024469448e+00 1.211613700000000063e+04 3.235949014922264055e+00
9.794625885504849805e+01 2.204987882104604946e+00 1.111447599999999875e+04 3.734601213889897409e+00
9.479851255442515878e+01 1.882102822254474006e+00 1.118852499999999964e+04 3.958819303732916239e+00
9.833180145981293663e+01 2.207148769147441847e+00 1.120419599999999991e+04 3.717803851997572018e+00
9.542868073045120525e+01 2.114347320799774721e+00 1.225622999999999956e+04 3.244114714227336993e+00
9.998212421234811131e+01 1.878953059226315059e+00 1.250411099999999897e+04 3.701153198402090894e+00
9.197090323887947250e+01 2.246446160126160052e+00 1.176939199999999983e+04 4.095846207113259752e+00
9.593635340104313514e+01 2.542405798191531563e+00 1.198107699999999932e+04 3.593456894343073582e+00
9.400529109146795292e+01 2.044862010475151592e+00 1.173529600000000028e+04 3.753845694531375621e+00
9.880426601945147524e+01 2.193529792708327264e+00 1.110374899999999980e+04 3.721135978786588971e+00
9.678228614325452384e+01 1.908070875399079158e+00 1.264045199999999932e+04 3.649499906235649682e+00
9.378010843687223996e+01 2.293884499851201131e+00 1.117591400000000067e+04 3.839528459447771880e+00
9.524390030096718363e+01 2.464606843350963139e+00 1.042697500000000036e+04 3.966049236478392359e+00
9.429497674116605310e+01 1.976328397111545065e+00 1.266746500000000015e+04 3.480089323314024430e+00
1.011112871360942336e+02 1.857042345398292937e+00 1.246137600000000020e+04 3.706539224708316205e+00
9.261552988224838145e+01 2.093255896837739716e+00 1.121407499999999891e+04 3.799018590776123805e+00
9.607819311417804897e+01 2.044477958695301023e+00 1.102365099999999802e+04 3.800510716291531033e+00
9.544215297052313929e+01 1.885697220953518771e+00 1.153617600000000130e+04 3.858147006054644113e+00
9.470853107550219363e+01 1.893024372321456816e+00 1.138392799999999988e+04 3.937361541549626143e+00
9.497244437653446880e+01 2.029022825849154277e+00 1.087108699999999953e+04 3.814591214843573219e+00
9.202662499168405930e+01 2.632310872338463614e+00 1.111970900000000074e+04 3.796610837090578894e+00
9.554301184227020372e+01 2.471487294950898583e+00 1.043854500000000007e+04 3.910932294406170406e+00
9.131480954051045273e+01 2.191071483213720139e+00 1.233113500000000022e+04 4.070807856939420155e+00
9.609465352124783522e+01 2.132060226666117053e+00 1.216568400000000111e+04 3.199824180120041994e+00
9.647479284541186928e+01 2.133753947256620265e+00 9.793191999999999098e+03 4.009150364724765048e+00
9.706855252651990895e+01 2.491228470400364881e+00 1.102563400000000001e+04 3.760889104538288397e+00
9.359195230893926976e+01 2.566572865826202143e+00 1.101592799999999806e+04 3.866950814792462943e+00
9.575369343743651029e+01 1.922028270397353023e+00 1.269773199999999997e+04 3.686920778451804104e+00
9.656408454298576771e+01 1.943743609028290908e+00 1.250257000000000153e+04 3.701797064098329759e+00
9.359218193352030823e+01 1.355051884666218731e+00 1.231878999999999905e+04 4.014339248746283673e+00
9.310716093418160710e+01 2.087633011182419285e+00 1.142195800000000054e+04 3.757264377499259567e+00
9.570103342276787828e+01 2.167503612674728686e+00 1.068696000000000095e+04 3.839423511356946594e+00
9.413084973266798272e+01 2.015309518269906786e+00 1.093921899999999732e+04 3.832960389833628412e+00
9.225019497447102879e+01 2.429204579989698853e+00 1.129767399999999907e+04 3.729561513060227096e+00
9.420642694122773264e+01 1.977273845620316717e+00 1.148467599999999948e+04 3.827134398593139863e+00
9.717455977940193179e+01 1.960681505636085342e+00 1.249552100000000064e+04 3.743633365930259416e+00
9.807347038172916598e+01 2.195728033259709999e+00 1.100100200000000041e+04 3.771069055344846710e+00
9.557509465077048105e+01 2.400783721753773747e+00 1.109567599999999948e+04 3.780673308162905144e+00
9.426114406757523057e+01 2.423921845675511388e+00 1.078822800000000097e+04 4.041268918748690098e+00
9.738263516616609650e+01 1.893903827518676808e+00 1.245279299999999967e+04 3.633647131843077194e+00
9.509072452513488827e+01 1.950135319214631791e+00 1.296450500000000102e+04 3.626028184006273136e+00
9.297346911148248694e+01 2.406572971030052965e+00 1.102840800000000127e+04 3.906650868024759582e+00
9.213776613833408646e+01 1.954552997448905094e+00 1.134130400000000009e+04 3.917598223582494654e+00
9.542039805896132521e+01 2.084292861803561880e+00 1.117835000000000036e+04 3.800910698080866457e+00
9.398323204448985280e+01 1.967200203162833727e+00 1.141247499999999854e+04 3.846662267535959856e+00
9.468277786398783746e+01 1.898519952099735786e+00 1.156751499999999942e+04 3.862841724175286373e+00
9.557575324171699549e+01 2.198265231549553000e+00 1.076784800000000178e+04 3.799766831259785427e+00
9.464421181289057472e+01 1.996174017281853619e+00 1.138669399999999951e+04 3.860274414805630272e+00
9.599015805516039279e+01 1.914542083344572543e+00 1.155647800000000097e+04 3.830459556784103992e+00
9.490480013680723914e+01 1.939243676288581852e+00 1.295282400000000052e+04 3.646270477173191971e+00
9.696592789398350476e+01 1.865120544072135678e+00 1.158207099999999991e+04 3.956635735593638792e+00
9.449399343154081521e+01 1.865519654560607421e+00 1.217676800000000185e+04 3.900335359043828554e+00
9.469806365185853281e+01 2.381549852723990224e+00 1.083220899999999892e+04 3.977062165608383104e+00
9.542920273801243525e+01 2.351654556826618059e+00 1.053457900000000154e+04 3.877973733435434500e+00
9.662227516295658347e+01 2.122585459509353623e+00 1.027060299999999916e+04 4.005278222881913486e+00
9.416081248130100789e+01 1.988321972850804586e+00 1.227682500000000073e+04 3.468582435008685128e+00
9.332254126732205179e+01 2.628819865856615756e+00 1.201873600000000079e+04 3.639486164958901426e+00
9.451654910344861094e+01 1.946337020809745022e+00 1.150465400000000045e+04 3.835222483994757958e+00
9.655291691689130573e+01 2.065415746915478579e+00 1.097980899999999929e+04 3.798535155957051490e+00
9.682563461659526638e+01 2.159456236112114791e+00 1.045262399999999980e+04 3.923434224761647382e+00
9.416066731934026279e+01 2.020514796787553635e+00 1.090839199999999983e+04 3.818649123130894552e+00
9.968721470480488733e+01 1.888250344534834646e+00 1.239397000000000116e+04 3.680318464159654912e+00
9.690841181781476621e+01 1.865991352875880693e+00 1.183830600000000049e+04 3.932083568463069057e+00
9.649026715182638725e+01 2.126877057597017728e+00 1.002578399999999965e+04 4.022970192680041635e+00
9.402887154482212395e+01 1.977265591501147002e+00 1.146285000000000218e+04 3.837728410190563544e+00
9.700345610185613054e+01 1.857964337172400171e+00 1.161467599999999948e+04 3.868699516899113622e+00
9.448998610104615636e+01 2.555329433463100042e+00 1.199658799999999974e+04 3.572305769331526104e+00
9.335109745760728117e+01 1.952029254609228381e+00 1.163810000000000218e+04 3.840896446901971739e+00
9.750891572073766156e+01 1.975625636626182624e+00 1.241853100000000086e+04 3.707943430963134279e+00
9.556382805598178720e+01 2.172874529223043805e+00 1.074926800000000003e+04 3.834993989747524701e+00
9.809105747875825898e+01 1.932095023229307706e+00 1.119694700000000012e+04 3.909618281852059951e+00
9.461271748097041723e+01 2.551432023135475458e+00 1.198625100000000020e+04 3.539625517337546157e+00
9.716356858976777744e+01 1.896792379979155729e+00 1.251749600000000100e+04 3.620402327113954932e+00
9.413082247288421911e+01 1.208141920862427776e+00 1.213163199999999961e+04 3.982994788280138643e+00
9.166580644333521377e+01 2.682537932932906877e+00 1.133316700000000128e+04 4.001253635245478613e+00
9.168022721871267322e+01 2.477079488405801388e+00 1.135548600000000079e+04 3.917273067951423382e+00
9.494057046962180380e+01 1.896808272061299094e+00 1.145509499999999935e+04 3.856524659200232463e+00
9.332324739962946580e+01 2.088452670642963582e+00 1.160228399999999965e+04 3.705163129620702378e+00
9.227947372363234990e+01 2.598229165691386733e+00 1.092878099999999904e+04 3.842059869671463623e+00
9.427159163450443202e+01 1.884423334836514030e+00 1.155556699999999910e+04 3.870302696355468974e+00
9.335501579162878727e+01 2.370986744611366159e+00 1.100479300000000148e+04 3.916383256142146774e+00
9.971646672669032796e+01 1.837168898759788949e+00 1.252682800000000134e+04 3.870507446671854979e+00
9.362339174477499171e+01 2.361233044186993979e+00 1.106187900000000081e+04 3.900998454910636237e+00
9.361610407695488334e+01 2.559892030439892441e+00 1.089613899999999921e+04 3.848051922820806769e+00
9.373510684580637076e+01 2.428621332770363406e+00 1.119103600000000006e+04 3.734762167335194949e+00
9.463610811913243026e+01 1.958167599603919617e+00 1.296295199999999932e+04 3.513181474595155507e+00
9.295818875599447040e+01 2.071667794650454919e+00 1.168418200000000070e+04 3.792631300795547222e+00
9.132168941702464338e+01 2.219367022501842257e+00 1.181961399999999958e+04 4.068361933783359419e+00
9.502275070300048299e+01 2.012308527728126073e+00 1.087801300000000083e+04 3.810718491161078081e+00
9.378285787843061883e+01 1.903391035449207624e+00 1.139961100000000079e+04 3.919019087629785236e+00
9.568247273175896339e+01 2.197851944056969931e+00 1.078124400000000060e+04 3.807441366371215441e+00
9.270836006485554037e+01 2.492054030724725866e+00 1.086799000000000160e+04 4.036511468114640344e+00
