5.123011000000000195e+02 2.050422999999999774e+03 6.228843000000000529e+01 5.111877999999999815e+02 5.136576999999999771e+02 8.476184000000001051e-01 1.721836000000000126e+02 1.998353999999999928e+02 8.510149999999999659e-01 4.742162999999999556e+03 2.853075999999999567e+03 5.161774000000000342e+02 3.075927000000000135e+03 1.661195999999999913e+02 3.301176000000000332e+00 7.039517999999999302e+04
5.154622000000000526e+02 1.695347000000000207e+03 6.279350999999999772e+01 5.153328000000000202e+02 5.162669999999999391e+02 8.486756999999999218e-01 1.717142000000000053e+02 1.948909999999999911e+02 8.499958000000000791e-01 4.347927999999999884e+03 2.534389999999999873e+03 5.162330000000000609e+02 2.749492999999999938e+03 1.612110999999999876e+02 4.148378000000000121e+00 6.951005999999999767e+04
5.189814999999999827e+02 1.839222999999999956e+03 6.019439000000000561e+01 5.197919000000000551e+02 5.194628000000000156e+02 8.489230999999999305e-01 1.710768999999999949e+02 1.965540000000000020e+02 8.508921000000000401e-01 4.027248000000000047e+03 2.331255000000000109e+03 5.234026000000000067e+02 2.632267000000000280e+03 1.618209999999999980e+02 4.142695999999999934e+00 7.590738000000000466e+04
5.174787999999999784e+02 1.741342999999999847e+03 5.963598999999999961e+01 5.176784999999999854e+02 5.181630000000000109e+02 8.477203999999999295e-01 1.707443000000000097e+02 2.000928999999999860e+02 8.504127000000000214e-01 4.222998999999999796e+03 2.612215999999999894e+03 5.177549000000000206e+02 2.847314000000000306e+03 1.653474999999999966e+02 3.332650000000000112e+00 7.353489999999999418e+04
5.162980000000000018e+02 2.240121000000000095e+03 6.605929000000000428e+01 5.005910000000000082e+02 5.169569000000000187e+02 8.502180000000000293e-01 1.697641000000000133e+02 2.041550000000000011e+02 8.532610000000000472e-01 4.071518000000000029e+03 2.585802000000000135e+03 5.200345999999999549e+02 2.943134000000000015e+03 1.602973000000000070e+02 2.420247999999999955e+00 7.462130000000000291e+04
5.166046000000000049e+02 1.978887999999999920e+03 6.262808000000000419e+01 5.150140999999999849e+02 5.180973000000000184e+02 8.483450000000001268e-01 1.719720000000000084e+02 2.020799000000000092e+02 8.502931999999998602e-01 4.677929000000000087e+03 2.885844999999999800e+03 5.174027999999999565e+02 3.061822000000000116e+03 1.715917000000000030e+02 3.149184999999999679e+00 7.093477000000000407e+04
5.142315999999999576e+02 1.614693999999999960e+03 6.078824999999999790e+01 5.145673000000000457e+02 5.157445999999999913e+02 8.516377000000000530e-01 1.719595999999999947e+02 1.992786999999999864e+02 8.510402999999999718e-01 4.125782999999999447e+03 2.376469999999999800e+03 5.155415000000000418e+02 2.717692000000000007e+03 1.646561000000000092e+02 3.751297000000000104e+00 7.279963000000000466e+04
5.161031000000000404e+02 2.084012000000000171e+03 6.049640999999999735e+01 5.131977000000000544e+02 5.172300000000000182e+02 8.471625000000000405e-01 1.707588000000000079e+02 1.993631000000000029e+02 8.497995000000000410e-01 4.236657000000000153e+03 2.707188000000000102e+03 5.209031999999999698e+02 2.954960000000000036e+03 1.642890999999999906e+02 3.590921999999999947e+00 6.945908000000000175e+04
5.171667999999999665e+02 2.247788000000000011e+03 5.703748000000000218e+01 5.146817999999999529e+02 5.181154999999999973e+02 8.477360000000000451e-01 1.696968999999999994e+02 1.974607000000000028e+02 8.509610999999999148e-01 4.401350000000000364e+03 2.830535999999999603e+03 5.222032000000000380e+02 2.947644999999999982e+03 1.554077000000000055e+02 3.708679000000000059e+00 7.711080000000000291e+04
5.163740999999999985e+02 1.772857999999999947e+03 6.197351999999999350e+01 5.171630999999999858e+02 5.167096999999999980e+02 8.483427999999999525e-01 1.717215999999999951e+02 1.978468000000000018e+02 8.498107000000000300e-01 4.288096999999999753e+03 2.642708000000000084e+03 5.169086999999999534e+02 2.970270999999999731e+03 1.607712999999999965e+02 3.542251000000000261e+00 7.169294000000000233e+04
5.147871000000000095e+02 1.716269000000000005e+03 5.909496000000000038e+01 5.148280999999999494e+02 5.153567000000000462e+02 8.487269000000000618e-01 1.711811999999999898e+02 1.895421000000000049e+02 8.489735999999998839e-01 4.117523000000000138e+03 2.535927000000000135e+03 5.157852000000000317e+02 2.692334000000000287e+03 1.585023999999999944e+02 4.517081000000000124e+00 7.235375999999999476e+04
5.010258000000000038e+02 2.149643000000000029e+03 6.030323000000000633e+01 4.990727999999999724e+02 5.032284000000000219e+02 8.467585999999999169e-01 1.725501999999999896e+02 2.013025000000000091e+02 8.509919999999999707e-01 4.626346999999999753e+03 2.803512999999999920e+03 5.089467000000000212e+02 3.008090999999999894e+03 1.641837999999999909e+02 3.428443000000000129e+00 6.379444999999999709e+04
5.151453999999999951e+02 1.698977999999999838e+03 6.373848000000000269e+01 5.154796999999999798e+02 5.163966000000000349e+02 8.485658000000001477e-01 1.715692999999999984e+02 1.988070000000000164e+02 8.488590000000000302e-01 4.165698000000000320e+03 2.413250000000000000e+03 5.160883999999999787e+02 2.849915999999999713e+03 1.606935000000000002e+02 4.089667999999999637e+00 7.415716000000000349e+04
5.174922000000000253e+02 2.039944999999999936e+03 6.076613000000000397e+01 5.145647000000000162e+02 5.169320999999999913e+02 8.477675999999999545e-01 1.715263999999999953e+02 2.010097000000000094e+02 8.493829999999999991e-01 4.503180999999999585e+03 2.732840000000000146e+03 5.197867999999999711e+02 2.975630000000000109e+03 1.662691000000000088e+02 3.201259999999999994e+00 7.416289999999999418e+04
5.176964000000000397e+02 1.755362999999999829e+03 6.290494999999999948e+01 5.197386999999999944e+02 5.175575999999999794e+02 8.461999999999999522e-01 1.704878999999999962e+02 2.024608000000000061e+02 8.492139999999999134e-01 4.261180000000000291e+03 2.586050999999999931e+03 5.183295000000000528e+02 2.910255000000000109e+03 1.630169999999999959e+02 3.228522000000000336e+00 7.344480999999999767e+04
5.171784999999999854e+02 1.776807000000000016e+03 6.120389999999999731e+01 5.175157000000000380e+02 5.182631999999999834e+02 8.463340000000000307e-01 1.713648000000000025e+02 2.016719999999999970e+02 8.505004999999998816e-01 4.244028000000000247e+03 2.602722000000000207e+03 5.180637000000000398e+02 2.895938000000000102e+03 1.609937999999999931e+02 3.282958999999999516e+00 7.328667999999999302e+04
5.029578000000000202e+02 2.081880999999999858e+03 6.722551999999998884e+01 5.063552000000000248e+02 5.104631999999999721e+02 8.472087999999999841e-01 1.704308000000000050e+02 1.935394000000000005e+02 8.494693000000000938e-01 4.284210999999999331e+03 2.714974999999999909e+03 5.132445999999999913e+02 2.755602000000000317e+03 1.601547999999999945e+02 4.439512000000000569e+00 6.759267999999999302e+04
5.189770999999999503e+02 2.075628999999999905e+03 6.133106000000000080e+01 5.147541999999999689e+02 5.185267000000000053e+02 8.480253000000000929e-01 1.719894999999999925e+02 2.015925000000000011e+02 8.498200000000000198e-01 4.555034999999999854e+03 2.829454999999999927e+03 5.202423999999999751e+02 3.049849000000000160e+03 1.716836000000000126e+02 3.162284999999999791e+00 7.367510000000000582e+04
5.147871000000000095e+02 1.702828999999999951e+03 5.893583999999999889e+01 5.152780000000000200e+02 5.162616000000000440e+02 8.475395000000000012e-01 1.708795000000000073e+02 1.893819000000000017e+02 8.480709999999999082e-01 4.063467999999999847e+03 2.497132999999999811e+03 5.157852000000000317e+02 2.659790999999999713e+03 1.581836999999999875e+02 4.478613000000000177e+00 7.270572000000000116e+04
5.177776000000000067e+02 1.718559999999999945e+03 5.948969000000000307e+01 5.183848000000000411e+02 5.183577999999999975e+02 8.481499000000000121e-01 1.705531000000000006e+02 2.002642999999999915e+02 8.507491999999999832e-01 4.170423999999999978e+03 2.578042999999999665e+03 5.186001999999999725e+02 2.819294000000000324e+03 1.665159999999999911e+02 3.304332000000000047e+00 7.399703999999999360e+04
5.116700999999999908e+02 2.182663999999999760e+03 6.159296999999999400e+01 5.134464000000000397e+02 5.143585000000000491e+02 8.462950000000000195e-01 1.706237000000000137e+02 1.922229999999999848e+02 8.499965000000000437e-01 4.453739999999999782e+03 2.836302999999999884e+03 5.177256999999999607e+02 2.899630999999999858e+03 1.660157000000000096e+02 3.366908000000000012e+00 7.145327000000000407e+04
5.037380000000000564e+02 2.137282999999999902e+03 6.442493000000000336e+01 5.086301000000000272e+02 5.117237000000000080e+02 8.486289000000000193e-01 1.699024000000000001e+02 1.934329999999999927e+02 8.507078999999999613e-01 4.394072000000000116e+03 2.776320999999999913e+03 5.138660999999999603e+02 2.831304999999999836e+03 1.581588000000000136e+02 4.387758999999999965e+00 6.690853999999999360e+04
5.175647000000000162e+02 2.058576000000000022e+03 6.084794999999999732e+01 5.139900999999999840e+02 5.183003999999999678e+02 8.479193000000001534e-01 1.712647000000000048e+02 2.014987000000000137e+02 8.497500000000000053e-01 4.515503999999999905e+03 2.781704999999999927e+03 5.202084999999999582e+02 3.017887000000000171e+03 1.694955999999999960e+02 3.168520999999999699e+00 7.341227000000000407e+04
5.148748000000000502e+02 1.695673999999999978e+03 5.881770000000000209e+01 5.136781999999999471e+02 5.155701999999999998e+02 8.488124999999999698e-01 1.726989000000000090e+02 1.967266999999999939e+02 8.500530000000000586e-01 4.239395000000000437e+03 2.466597000000000207e+03 5.167164000000000215e+02 2.841728000000000065e+03 1.648267999999999915e+02 3.600183999999999607e+00 7.241399000000000524e+04
5.142421000000000504e+02 1.952019000000000005e+03 6.295373000000000729e+01 5.132155000000000200e+02 5.159333000000000311e+02 8.481105999999999367e-01 1.718077999999999861e+02 2.015466999999999871e+02 8.505260000000000042e-01 4.703300000000000182e+03 2.840288000000000011e+03 5.152999999999999545e+02 3.058002999999999702e+03 1.735955999999999904e+02 3.198214000000000112e+00 7.168866999999999825e+04
4.999184000000000196e+02 2.122018000000000029e+03 6.167648000000000508e+01 4.965500000000000114e+02 5.012937999999999761e+02 8.468295000000000128e-01 1.725101999999999975e+02 2.013112000000000137e+02 8.509068000000000742e-01 4.601889000000000124e+03 2.767018000000000029e+03 5.078380000000000223e+02 2.980079000000000178e+03 1.623644999999999925e+02 3.428923000000000165e+00 6.512500000000000000e+04
5.151527999999999565e+02 1.753684999999999945e+03 6.154305000000000092e+01 5.155597999999999956e+02 5.159731000000000449e+02 8.487752000000000629e-01 1.711632999999999925e+02 1.939913999999999987e+02 8.505235999999999352e-01 4.174606999999999971e+03 2.449192999999999756e+03 5.162264000000000124e+02 2.667126999999999953e+03 1.622486000000000104e+02 4.174894999999999357e+00 7.170699000000000524e+04
5.137892000000000507e+02 1.621202000000000226e+03 6.056533000000000300e+01 5.146064999999999827e+02 5.152331000000000358e+02 8.482456000000000440e-01 1.723565999999999860e+02 1.978341000000000065e+02 8.489341999999998611e-01 4.224734000000000378e+03 2.407889999999999873e+03 5.155449999999999591e+02 2.790184999999999945e+03 1.625212999999999965e+02 3.828698999999999852e+00 7.315280999999999767e+04
5.141929000000000087e+02 1.966071000000000140e+03 6.221479999999999677e+01 5.134477000000000544e+02 5.168537999999999784e+02 8.481809000000001264e-01 1.713814000000000135e+02 2.017196000000000140e+02 8.504561999999999955e-01 4.674287999999999556e+03 2.855545000000000073e+03 5.156915000000000191e+02 3.056990999999999985e+03 1.731799000000000035e+02 3.183504999999999807e+00 7.049846000000000640e+04
5.115197000000000003e+02 2.166110999999999876e+03 6.178829999999999956e+01 5.141231999999999971e+02 5.144158999999999651e+02 8.462771999999999517e-01 1.707768000000000086e+02 1.922074000000000069e+02 8.499583000000000554e-01 4.441146999999999935e+03 2.818955999999999676e+03 5.177839000000000169e+02 2.872164000000000215e+03 1.664802999999999997e+02 3.359198000000000128e+00 7.129841000000000349e+04
5.096662999999999784e+02 2.206119000000000142e+03 6.111171999999999827e+01 5.092488999999999919e+02 5.117450999999999794e+02 8.441450000000000342e-01 1.716992999999999938e+02 1.995797000000000025e+02 8.480219000000001062e-01 4.712235999999999876e+03 2.850642000000000280e+03 5.167874000000000478e+02 3.079103000000000065e+03 1.639969000000000108e+02 3.369816999999999840e+00 6.788966000000000349e+04
5.203628999999999678e+02 1.593132000000000062e+03 6.062205000000000155e+01 5.224008999999999787e+02 5.215709000000000515e+02 8.488124999999999698e-01 1.711893000000000029e+02 1.989070000000000107e+02 8.505566999999999434e-01 3.958072999999999865e+03 2.431441000000000258e+03 5.200596000000000458e+02 2.661534999999999854e+03 1.665471000000000004e+02 3.632429000000000130e+00 7.579155999999999767e+04
5.147599000000000160e+02 1.726926000000000158e+03 5.967065999999999804e+01 5.179730000000000700e+02 5.145603999999999587e+02 8.482248999999999484e-01 1.727355000000000018e+02 1.977012000000000000e+02 8.496447999999999778e-01 4.275452000000000226e+03 2.539092999999999847e+03 5.160039000000000442e+02 2.909364000000000033e+03 1.604301000000000101e+02 3.602923000000000542e+00 7.197708999999999651e+04
5.154530999999999494e+02 1.718041000000000167e+03 6.322581999999999880e+01 5.132360999999999649e+02 5.165524000000000342e+02 8.499985000000001012e-01 1.716442999999999870e+02 1.998750000000000000e+02 8.499892999999999477e-01 4.075004000000000360e+03 2.472472000000000207e+03 5.158713000000000193e+02 2.868000000000000000e+03 1.593492999999999995e+02 4.122266000000000652e+00 7.408977000000000407e+04
5.154670999999999594e+02 1.676250000000000000e+03 6.174334000000000344e+01 5.158224000000000160e+02 5.159280999999999722e+02 8.486266999999999561e-01 1.704644000000000119e+02 1.976942999999999984e+02 8.502280000000000948e-01 4.324957000000000335e+03 2.498425999999999931e+03 5.164006000000000540e+02 2.733704999999999927e+03 1.665897999999999968e+02 3.716419000000000139e+00 7.150458999999999651e+04
5.151036000000000286e+02 1.740012000000000171e+03 6.186268000000000455e+01 5.126680000000000064e+02 5.162474999999999454e+02 8.477898000000001488e-01 1.723891000000000133e+02 1.982624000000000137e+02 8.500286000000000231e-01 4.244960999999999331e+03 2.519840999999999894e+03 5.160039000000000442e+02 2.892287000000000262e+03 1.612856999999999914e+02 3.608933999999999642e+00 7.112883000000000175e+04
5.155902999999999565e+02 1.651602999999999838e+03 6.269134999999999991e+01 5.151776999999999589e+02 5.169660999999999831e+02 8.493738999999999040e-01 1.711664000000000101e+02 1.998703999999999894e+02 8.501153000000000182e-01 4.048135999999999967e+03 2.418809999999999945e+03 5.166296999999999571e+02 2.776929999999999836e+03 1.618872000000000071e+02 3.816648999999999958e+00 7.471927000000000407e+04
5.176056999999999562e+02 2.067302000000000135e+03 6.081359000000000492e+01 5.135742000000000189e+02 5.182808999999999742e+02 8.478928000000000020e-01 1.710304999999999893e+02 2.014753000000000043e+02 8.497325999999999491e-01 4.543576000000000022e+03 2.792519999999999982e+03 5.201884000000000015e+02 3.037172000000000025e+03 1.687193000000000040e+02 3.170080000000000009e+00 7.355863000000000466e+04
5.156907999999999674e+02 2.218951000000000022e+03 5.960410999999999859e+01 5.174248999999999796e+02 5.172364999999999782e+02 8.480485000000000939e-01 1.700477999999999952e+02 1.983711999999999875e+02 8.507696000000000147e-01 4.552166000000000167e+03 2.867309999999999945e+03 5.210117999999999938e+02 2.928880000000000109e+03 1.562718000000000131e+02 3.782423000000000535e+00 7.537022999999999593e+04
5.166919000000000324e+02 2.141460000000000036e+03 5.938416999999999746e+01 5.184597999999999729e+02 5.168732999999999720e+02 8.487505999999999107e-01 1.707478000000000122e+02 1.984576000000000136e+02 8.503864999999999341e-01 4.404971999999999753e+03 2.761355000000000018e+03 5.212657000000000380e+02 2.835920000000000073e+03 1.563280000000000030e+02 3.929911000000000154e+00 7.687307000000000698e+04
5.129552999999999656e+02 1.928732999999999947e+03 6.313239000000000090e+01 5.137907999999999902e+02 5.157557000000000471e+02 8.480168999999999624e-01 1.723876999999999953e+02 2.012596000000000060e+02 8.506191999999999087e-01 4.695932999999999993e+03 2.815505999999999858e+03 5.147919999999999163e+02 3.026137999999999920e+03 1.730395000000000039e+02 3.217825999999999631e+00 7.154758000000000175e+04
5.134492999999999938e+02 1.952562999999999874e+03 6.326129000000000246e+01 5.130240000000000009e+02 5.158445000000000391e+02 8.480636999999998649e-01 1.723892999999999915e+02 2.013997999999999990e+02 8.505726000000000120e-01 4.727987000000000080e+03 2.848512999999999920e+03 5.150389999999999873e+02 3.063782999999999902e+03 1.733865000000000123e+02 3.208019999999999872e+00 7.228841000000000349e+04
5.175040000000000191e+02 2.094985999999999876e+03 5.977821999999999747e+01 5.146345999999999776e+02 5.175814000000000306e+02 8.484709000000000279e-01 1.711725000000000136e+02 2.006459999999999866e+02 8.519763000000001307e-01 4.673323000000000320e+03 2.844396999999999935e+03 5.208201999999999998e+02 3.057579999999999927e+03 1.669823000000000093e+02 3.352055000000000451e+00 6.429219999999999709e+04
5.002875000000000227e+02 2.124050999999999931e+03 6.138000999999999863e+01 4.972200000000000273e+02 5.017312999999999761e+02 8.468059000000001113e-01 1.727196000000000140e+02 2.013083000000000027e+02 8.509351999999998917e-01 4.595496000000000095e+03 2.760938000000000102e+03 5.079657000000000266e+02 2.980047000000000025e+03 1.632032000000000096e+02 3.428762999999999561e+00 6.445898000000000320e+04
5.197146999999999935e+02 1.859637999999999920e+03 6.233616999999999564e+01 5.213995999999999640e+02 5.211459999999999582e+02 8.487594000000000527e-01 1.716377999999999986e+02 1.969128000000000043e+02 8.495624999999999982e-01 4.059142000000000280e+03 2.360627999999999702e+03 5.247309999999999945e+02 2.601788999999999760e+03 1.601072000000000060e+02 4.247962999999999489e+00 7.705247999999999593e+04
5.066798999999999751e+02 2.224932000000000244e+03 6.051986999999999739e+01 5.059459999999999695e+02 5.092633000000000152e+02 8.441948000000000230e-01 1.727265999999999906e+02 2.001604000000000099e+02 8.477236999999999689e-01 4.779465999999999440e+03 2.891754000000000360e+03 5.140521999999999707e+02 3.111978000000000065e+03 1.611046000000000049e+02 3.389429000000000247e+00 6.714985000000000582e+04
5.196870000000000118e+02 1.886301000000000158e+03 6.179716999999999416e+01 5.188342000000000098e+02 5.201101999999999634e+02 8.476075999999999055e-01 1.724519999999999982e+02 1.955785999999999945e+02 8.486008999999999913e-01 3.971126999999999953e+03 2.376365999999999985e+03 5.246616000000000213e+02 2.576842000000000098e+03 1.626875000000000000e+02 4.175148000000000081e+00 7.716747999999999593e+04
5.064024999999999750e+02 2.091005999999999858e+03 6.418760000000000332e+01 5.106800999999999817e+02 5.137816000000000258e+02 8.482040000000000690e-01 1.700968000000000018e+02 1.923308000000000106e+02 8.496222999999999415e-01 4.304565999999999804e+03 2.729334000000000287e+03 5.158097999999999956e+02 2.771484000000000378e+03 1.626303000000000054e+02 4.298366000000000575e+00 6.846677000000000407e+04
5.166719000000000506e+02 1.777402000000000044e+03 6.276516999999999769e+01 5.173858000000000175e+02 5.178460999999999785e+02 8.484461999999999282e-01 1.717675000000000125e+02 1.979299000000000035e+02 8.499145000000000172e-01 4.308768000000000029e+03 2.645750999999999749e+03 5.172540000000000191e+02 2.959467000000000098e+03 1.610415999999999883e+02 3.533285999999999927e+00 7.185300000000000000e+04
5.105178000000000225e+02 2.169427999999999884e+03 6.173139000000000465e+01 5.100833999999999833e+02 5.122858999999999696e+02 8.458451999999999638e-01 1.719747999999999877e+02 1.997058000000000106e+02 8.502321000000000462e-01 4.750265000000000327e+03 2.877095999999999549e+03 5.169396000000000413e+02 3.093958000000000084e+03 1.642891999999999939e+02 3.330592999999999915e+00 6.971830999999999767e+04
5.042062999999999988e+02 2.130621000000000095e+03 6.340803999999999974e+01 5.086682000000000130e+02 5.121726999999999634e+02 8.481751000000000706e-01 1.700962000000000103e+02 1.933182999999999936e+02 8.503328999999999471e-01 4.356298999999999978e+03 2.767110000000000127e+03 5.144542999999999893e+02 2.810904000000000451e+03 1.603252999999999986e+02 4.364233999999999725e+00 6.684121000000000640e+04
5.148284999999999627e+02 1.772477000000000089e+03 6.155009000000000441e+01 5.151449999999999818e+02 5.153911000000000513e+02 8.487607000000000346e-01 1.718641000000000076e+02 1.944257000000000062e+02 8.502756999999999676e-01 4.291157999999999447e+03 2.501126000000000204e+03 5.160349999999999682e+02 2.715572999999999865e+03 1.609966000000000008e+02 4.163050000000000139e+00 7.126227000000000407e+04
5.189510900000001357e+02 1.698835890000000290e+03 6.628239999999999554e+01 5.188216900000001033e+02 5.197558900000000222e+02 8.558385000000000575e-01 1.733637999999999977e+02 1.983798899999999890e+02 8.582009999999999916e-01 4.351416890000000421e+03 2.537878889999999501e+03 5.197218900000001440e+02 2.752981889999999566e+03 1.646999899999999570e+02 5.623838000000000115e+00 6.951354889000000549e+04
5.162998183600000175e+02 2.240122818359999656e+03 6.606110835999999154e+01 5.005928183600000239e+02 5.169587183600000344e+02 8.520363599999999371e-01 1.697659183600000290e+02 2.041568183600000168e+02 8.550793599999999550e-01 4.071519818359999590e+03 2.585803818359999696e+03 5.200364183599999706e+02 2.943135818359999575e+03 1.602991183600000227e+02 2.422066359999999641e+00 7.462130181836000702e+04
5.113306194000000460e+02 1.691861819399999831e+03 6.317023939999999982e+01 4.993160194000000160e+02 5.167617194000000609e+02 8.558385000000000575e-01 1.711526193999999634e+02 1.991144193999999743e+02 8.582009999999999916e-01 3.852243819400000120e+03 2.315432819399999971e+03 5.156796193999999787e+02 2.613319819399999687e+03 1.636416193999999678e+02 4.419138399999999578e+00 7.462940181940000912e+04
5.252255999999999858e+02 2.299000000000000000e+03 7.857264999999999588e+01 5.272812999999999874e+02 5.246625000000000227e+02 8.558385000000000575e-01 1.733637999999999977e+02 2.054179000000000030e+02 8.582009999999999916e-01 4.835965000000000146e+03 2.937185999999999694e+03 5.300534999999999854e+02 3.270055999999999585e+03 1.753857000000000141e+02 5.623838000000000115e+00 6.282544400000000314e+04
