9.388338297007467759e+01 2.415861938034244982e+00 1.132715799999999945e+04 3.639159949497478674e+00
9.458962606874452206e+01 2.421540254704170891e+00 1.082999300000000039e+04 3.988892399850593851e+00
9.683925027072645264e+01 1.951836752383534934e+00 1.142387199999999939e+04 3.871747115423471719e+00
9.977885934919638089e+01 1.831219617146977230e+00 1.260448400000000038e+04 3.708182624497011304e+00
9.575278146727488604e+01 2.181499026515530737e+00 1.083463899999999921e+04 3.805944382866673692e+00
9.485027816745026996e+01 2.020750662282826404e+00 1.085143000000000029e+04 3.832744162179737568e+00
9.560144951300298999e+01 2.358456390459637397e+00 1.047129099999999926e+04 3.928974330759753109e+00
9.621120551327368275e+01 2.102920610826498837e+00 1.198281700000000092e+04 3.656837183208127229e+00
9.589757842189371218e+01 1.924525146704319623e+00 1.143749300000000221e+04 3.868344519329170783e+00
9.157957511303978038e+01 2.185472451176185604e+00 1.242731900000000132e+04 4.085084005659502360e+00
9.362322503400854146e+01 2.062787092596388927e+00 1.167393399999999929e+04 3.753281652395505485e+00
9.259334553093448505e+01 2.638771664178075849e+00 1.106205299999999988e+04 3.799834925797926477e+00
9.515132407844210150e+01 1.986924964445129671e+00 1.258759400000000096e+04 3.323740601285886331e+00
9.366098713464472780e+01 2.383682861677467901e+00 1.112784199999999873e+04 3.885735200878012829e+00
9.693499076526995850e+01 1.866336610574232280e+00 1.225159599999999955e+04 3.887007894994589652e+00
9.561792948355865462e+01 1.893695681629018912e+00 1.151284900000000016e+04 3.872819372518518932e+00
9.394799865549984474e+01 1.915772083881870591e+00 1.151949500000000080e+04 3.844705874251888478e+00
9.796262724045880077e+01 2.199850391621930967e+00 1.093821199999999953e+04 3.751955890169849539e+00
9.397057339401094112e+01 2.604876583340570040e+00 1.183666899999999987e+04 3.565424754211093283e+00
9.982214030507677194e+01 1.838650033868346689e+00 1.250996800000000076e+04 3.851044098622300016e+00
9.257032002083337829e+01 2.620918834617376625e+00 1.092322099999999955e+04 3.825060482971919029e+00
9.729932008273176791e+01 1.973294448543783552e+00 1.237233799999999974e+04 3.764804639097616423e+00
9.896703757400094048e+01 1.850072431738706058e+00 1.237367199999999866e+04 3.853545460915180243e+00
9.544171966352999448e+01 2.084659485381782584e+00 1.124339400000000023e+04 3.769576818960630682e+00
1.010405813938598953e+02 1.861506869886000670e+00 1.255361000000000058e+04 3.751175111374454474e+00
9.411878254155405443e+01 1.987663917843698558e+00 1.247100400000000081e+04 3.393850044808945032e+00
9.479169892143936238e+01 2.439129766719851489e+00 1.104461199999999917e+04 3.766262043907777635e+00
9.429363308396662546e+01 2.221382296935539458e+00 1.104401099999999860e+04 3.815599529695991254e+00
9.722327025175042081e+01 1.853229243432380935e+00 1.177320499999999993e+04 3.901433327691604891e+00
1.010494137636872978e+02 1.857555720749159311e+00 1.255289500000000044e+04 3.698074326618874696e+00
9.748414304519114637e+01 1.967010741505871962e+00 1.229837800000000061e+04 3.753277411803008334e+00
9.551401782069002877e+01 1.962627104478585682e+00 1.284810000000000036e+04 3.554633265249188767e+00
9.728826509600774841e+01 2.121878528622992199e+00 1.064418100000000049e+04 3.980191077362896124e+00
9.287616037236121258e+01 2.085803439362493794e+00 1.145083499999999913e+04 3.746039691319966281e+00
9.283693079234207346e+01 2.401632911783263769e+00 1.113351699999999983e+04 3.880507726152281567e+00
9.355910553509471583e+01 2.093481548427365446e+00 1.139710100000000057e+04 3.709330704203455564e+00
9.457884257658044191e+01 2.229788673477972161e+00 1.089547899999999936e+04 3.924404773950962433e+00
9.864866208073999587e+01 1.853517355091635954e+00 1.244056999999999971e+04 3.866515526178079920e+00
9.189874846954798215e+01 2.224329276826868984e+00 1.256730700000000070e+04 3.984634718590890579e+00
9.155491315261454588e+01 2.301588073169903215e+00 1.214370699999999852e+04 4.047424911477630616e+00
1.003781012218389179e+02 1.866621574509085946e+00 1.246630999999999949e+04 3.731198595955512065e+00
1.005784581757684748e+02 1.860915961721522294e+00 1.259284599999999955e+04 3.769797811697130019e+00
9.755206005637587907e+01 1.958290613270239122e+00 1.267028600000000006e+04 3.376633968657348550e+00
9.449026051473022392e+01 1.985161498752891607e+00 1.246053199999999924e+04 3.355069315815923492e+00
9.328201596617994085e+01 2.474957730756278451e+00 1.088119700000000012e+04 4.035834735705071452e+00
9.327144747826913829e+01 1.962308642675766546e+00 1.300813000000000102e+04 3.494986594421473747e+00
9.433784473360702805e+01 2.421049335467260644e+00 1.081063599999999860e+04 4.022775295154593422e+00
9.375557075698253584e+01 2.057016606750403653e+00 1.169138800000000083e+04 3.760655944809117468e+00
9.553097314257669836e+01 1.936675024480330798e+00 1.289074699999999939e+04 3.644531680804397045e+00
9.425566238399211727e+01 2.565744561018999725e+00 1.206493400000000111e+04 3.532721353563454070e+00
9.367668989626105258e+01 2.422291799159917325e+00 1.128033400000000074e+04 3.727641824557892392e+00
9.185117436717406747e+01 2.268005430206785356e+00 1.231826499999999942e+04 4.058370442871213513e+00
9.484040742965453319e+01 2.418778213055891690e+00 1.123364199999999983e+04 3.684313521076936659e+00
9.402922015414691259e+01 1.904917756507297888e+00 1.135983300000000054e+04 3.949787106125675518e+00
9.504910544302771314e+01 2.227774852578713549e+00 1.079367699999999968e+04 3.842591591870007317e+00
9.511457627592994868e+01 2.401110254667069288e+00 1.056093500000000131e+04 3.965913616216412141e+00
9.538367705466758650e+01 2.431679949572622235e+00 1.041130000000000109e+04 3.979551051008110019e+00
9.494938875776864506e+01 2.320648253764668656e+00 1.071226500000000124e+04 3.916959627233059571e+00
9.459813410930178179e+01 1.985692020347171294e+00 1.230844499999999971e+04 3.568834576758695754e+00
9.489376012895482404e+01 2.093374540120083172e+00 1.138984899999999834e+04 3.735511063500392748e+00
9.410137755815854632e+01 1.372106475358086497e+00 1.216647799999999916e+04 4.026325396237551146e+00
9.152534863043844382e+01 2.173564050227595690e+00 1.236714899999999943e+04 4.114933841005024462e+00
9.394398454859772585e+01 1.483461693006334237e+00 1.199952800000000025e+04 3.957720115120712201e+00
1.005082446641574876e+02 1.822463658617667237e+00 1.251908899999999994e+04 3.841274725274725022e+00
9.625779237419975232e+01 1.917762030713585863e+00 1.137348199999999997e+04 3.883767136801956177e+00
9.490345721377444477e+01 1.989254095124689758e+00 1.079198400000000038e+04 3.912413150447901167e+00
9.492200612161596496e+01 1.935769816012341771e+00 1.151399800000000141e+04 3.839849477136338063e+00
9.465397976206817532e+01 2.148276937180510160e+00 1.239744600000000173e+04 3.284086406173290840e+00
9.495025911097806670e+01 2.414194043253760302e+00 1.050166899999999987e+04 3.957388261898526327e+00
9.292056192508681534e+01 2.528800008438016889e+00 1.095955899999999929e+04 4.018214905757892197e+00
9.970367022596309425e+01 1.843559661410618222e+00 1.243240500000000065e+04 3.862636080479625811e+00
9.500252647899962710e+01 3.243951736175602729e+00 1.134111355999999978e+04 3.604713351467261795e+00
9.442361571070759396e+01 1.426709426366631117e+00 1.184058227343999897e+04 3.951591166399392119e+00
9.561151910713905977e+01 2.581987009893230045e+00 1.047285827759999847e+04 3.920000317309816573e+00
1.011662757738351388e+02 3.243951736175602729e+00 1.334220699999999852e+04 3.257893179314251597e+00
