1.364901050001847693e+00 1.419624395393019878e+00
2.612470560433555189e-01 4.903210570338545349e-01
3.604326884873874093e+00 3.712201080960210398e+00
3.222932122072711181e+00 3.229769629952141674e+00
2.535053114456548240e+00 2.456627290824880738e+00
3.974280907342683911e+00 3.923801266329159265e+00
2.729674026908687878e+00 2.760004875587740436e+00
5.076458986679206475e+00 4.981761662114244871e+00
3.377309813493269530e+00 3.274128090145053793e+00
4.114965460727280977e+00 4.172049353094834601e+00
3.714307733521151178e+00 3.725784377762515476e+00
4.335059400662346185e+00 4.259071029827616428e+00
4.517373788160063519e+00 4.500379289125313598e+00
5.322681384320498310e+00 5.317237665877669883e+00
4.301908842205131478e+00 4.402120699114823843e+00
7.249244678284348709e+00 7.167073912250234713e+00
4.896879893208048173e+00 4.908301446499313769e+00
4.919809963814624432e+00 4.908301446499313769e+00
6.460368101403459740e+00 6.429749194394185352e+00
6.069170586296701586e+00 6.079971913147534934e+00
5.554798984016686703e+00 5.477537361190559118e+00
5.830335794099795521e+00 5.846772423263464802e+00
5.168026144796301402e+00 5.122741285959647506e+00
5.958979872667161004e+00 5.981191089040377662e+00
6.319948096644490754e+00 6.325902586303879360e+00
5.174135574602972909e+00 5.140196577997218519e+00
6.171612400820468025e+00 6.173583213876882247e+00
5.554798984016686703e+00 5.487194614398535286e+00
5.738550424600673772e+00 5.693528841948434227e+00
5.434019697069702559e+00 5.415930412827380636e+00
5.767252008604139668e+00 5.731976763121386931e+00
6.679266273731486514e+00 6.755742506471249520e+00
6.549935060665375453e+00 6.571991105305429848e+00
5.147052582282054090e+00 5.060431537613602870e+00
5.639289377936454351e+00 5.618694169140741934e+00
5.287724681831440066e+00 5.225007146130584701e+00
6.420456435832758935e+00 6.458020763958381316e+00
5.819308420796932779e+00 5.795094907133064410e+00
6.563192381561218092e+00 6.594709174740328805e+00
6.753491722561155264e+00 6.762193544788547506e+00
6.441885688017285005e+00 6.373046340806073573e+00
5.850413080028983970e+00 5.883309580198513800e+00
6.115310843804712349e+00 6.113688478761091005e+00
5.960689165380416377e+00 5.955552142403203852e+00
6.758485169756593081e+00 6.735434899577601442e+00
5.781602800605872616e+00 5.751200723707863283e+00
6.218400267961202488e+00 6.197856496372610380e+00
6.232001158043698474e+00 6.242639721531111796e+00
6.228101929790066826e+00 6.242099284303122886e+00
6.792913999034499994e+00 6.773637706230393185e+00
6.930629316146125873e+00 6.926448932841561046e+00
5.961135495230995396e+00 5.952109080260540530e+00
6.793261954642058953e+00 6.838008787627046559e+00
5.894164581282527848e+00 5.922642046788317849e+00
6.490876108566665970e+00 6.466526901334699318e+00
6.573798238277892558e+00 6.612883630288247439e+00
7.256844627023149918e+00 7.269831519817359755e+00
6.539384592238845606e+00 6.500697859102353426e+00
6.295587938568034225e+00 6.308509998285975584e+00
