9.647817794493784049e+01 1.917241827909278440e+00 1.272158899999999994e+04 3.675452645896589043e+00
9.388338297007467759e+01 2.415861938034244982e+00 1.132715799999999945e+04 3.639159949497478674e+00
9.458962606874452206e+01 2.421540254704170891e+00 1.082999300000000039e+04 3.988892399850593851e+00
9.683925027072645264e+01 1.951836752383534934e+00 1.142387199999999939e+04 3.871747115423471719e+00
9.442355598150609808e+01 1.425653598140007139e+00 1.184057500000000073e+04 3.951633395988904507e+00
9.977885934919638089e+01 1.831219617146977230e+00 1.260448400000000038e+04 3.708182624497011304e+00
9.575278146727488604e+01 2.181499026515530737e+00 1.083463899999999921e+04 3.805944382866673692e+00
9.621120551327368275e+01 2.102920610826498837e+00 1.198281700000000092e+04 3.656837183208127229e+00
9.157957511303978038e+01 2.185472451176185604e+00 1.242731900000000132e+04 4.085084005659502360e+00
9.362322503400854146e+01 2.062787092596388927e+00 1.167393399999999929e+04 3.753281652395505485e+00
9.259334553093448505e+01 2.638771664178075849e+00 1.106205299999999988e+04 3.799834925797926477e+00
9.515132407844210150e+01 1.986924964445129671e+00 1.258759400000000096e+04 3.323740601285886331e+00
9.366098713464472780e+01 2.383682861677467901e+00 1.112784199999999873e+04 3.885735200878012829e+00
9.693499076526995850e+01 1.866336610574232280e+00 1.225159599999999955e+04 3.887007894994589652e+00
9.561792948355865462e+01 1.893695681629018912e+00 1.151284900000000016e+04 3.872819372518518932e+00
9.394799865549984474e+01 1.915772083881870591e+00 1.151949500000000080e+04 3.844705874251888478e+00
9.397057339401094112e+01 2.604876583340570040e+00 1.183666899999999987e+04 3.565424754211093283e+00
9.982214030507677194e+01 1.838650033868346689e+00 1.250996800000000076e+04 3.851044098622300016e+00
9.257032002083337829e+01 2.620918834617376625e+00 1.092322099999999955e+04 3.825060482971919029e+00
9.763293660449443223e+01 1.937421248866189050e+00 1.128632099999999991e+04 3.900447365659140964e+00
9.729932008273176791e+01 1.973294448543783552e+00 1.237233799999999974e+04 3.764804639097616423e+00
9.308803171703284818e+01 2.582517374680993516e+00 1.213898099999999977e+04 3.540313583563269084e+00
9.896703757400094048e+01 1.850072431738706058e+00 1.237367199999999866e+04 3.853545460915180243e+00
9.544171966352999448e+01 2.084659485381782584e+00 1.124339400000000023e+04 3.769576818960630682e+00
1.010405813938598953e+02 1.861506869886000670e+00 1.255361000000000058e+04 3.751175111374454474e+00
9.411878254155405443e+01 1.987663917843698558e+00 1.247100400000000081e+04 3.393850044808945032e+00
9.479169892143936238e+01 2.439129766719851489e+00 1.104461199999999917e+04 3.766262043907777635e+00
9.429363308396662546e+01 2.221382296935539458e+00 1.104401099999999860e+04 3.815599529695991254e+00
1.010494137636872978e+02 1.857555720749159311e+00 1.255289500000000044e+04 3.698074326618874696e+00
9.748414304519114637e+01 1.967010741505871962e+00 1.229837800000000061e+04 3.753277411803008334e+00
9.551401782069002877e+01 1.962627104478585682e+00 1.284810000000000036e+04 3.554633265249188767e+00
9.728826509600774841e+01 2.121878528622992199e+00 1.064418100000000049e+04 3.980191077362896124e+00
9.287616037236121258e+01 2.085803439362493794e+00 1.145083499999999913e+04 3.746039691319966281e+00
9.283693079234207346e+01 2.401632911783263769e+00 1.113351699999999983e+04 3.880507726152281567e+00
9.772703274114711292e+01 2.180173103592304429e+00 1.123333799999999974e+04 3.771029400273605336e+00
9.355910553509471583e+01 2.093481548427365446e+00 1.139710100000000057e+04 3.709330704203455564e+00
9.457884257658044191e+01 2.229788673477972161e+00 1.089547899999999936e+04 3.924404773950962433e+00
9.864866208073999587e+01 1.853517355091635954e+00 1.244056999999999971e+04 3.866515526178079920e+00
9.189874846954798215e+01 2.224329276826868984e+00 1.256730700000000070e+04 3.984634718590890579e+00
9.155491315261454588e+01 2.301588073169903215e+00 1.214370699999999852e+04 4.047424911477630616e+00
1.003781012218389179e+02 1.866621574509085946e+00 1.246630999999999949e+04 3.731198595955512065e+00
1.005784581757684748e+02 1.860915961721522294e+00 1.259284599999999955e+04 3.769797811697130019e+00
9.755206005637587907e+01 1.958290613270239122e+00 1.267028600000000006e+04 3.376633968657348550e+00
9.449026051473022392e+01 1.985161498752891607e+00 1.246053199999999924e+04 3.355069315815923492e+00
9.328201596617994085e+01 2.474957730756278451e+00 1.088119700000000012e+04 4.035834735705071452e+00
9.327144747826913829e+01 1.962308642675766546e+00 1.300813000000000102e+04 3.494986594421473747e+00
9.433784473360702805e+01 2.421049335467260644e+00 1.081063599999999860e+04 4.022775295154593422e+00
9.561044064321022518e+01 2.527011678056259925e+00 1.189638999999999942e+04 3.618623409141147995e+00
9.375557075698253584e+01 2.057016606750403653e+00 1.169138800000000083e+04 3.760655944809117468e+00
9.553097314257669836e+01 1.936675024480330798e+00 1.289074699999999939e+04 3.644531680804397045e+00
9.425566238399211727e+01 2.565744561018999725e+00 1.206493400000000111e+04 3.532721353563454070e+00
9.367668989626105258e+01 2.422291799159917325e+00 1.128033400000000074e+04 3.727641824557892392e+00
9.500252647899962710e+01 3.243951736175602729e+00 1.134111355999999978e+04 3.604713351467261795e+00
9.442361571070759396e+01 1.426709426366631117e+00 1.184058227343999897e+04 3.951591166399392119e+00
9.561151910713905977e+01 2.581987009893230045e+00 1.047285827759999847e+04 3.920000317309816573e+00
1.011662757738351388e+02 3.243951736175602729e+00 1.334220699999999852e+04 3.257893179314251597e+00
