5.123011000000000195e+02 2.050422999999999774e+03 6.228843000000000529e+01 5.111877999999999815e+02 5.136576999999999771e+02 8.476184000000001051e-01 1.721836000000000126e+02 1.998353999999999928e+02 8.510149999999999659e-01 4.742162999999999556e+03 2.853075999999999567e+03 5.161774000000000342e+02 3.075927000000000135e+03 1.661195999999999913e+02 3.301176000000000332e+00 7.039517999999999302e+04
5.175629999999999882e+02 2.068130999999999858e+03 6.053883000000000436e+01 5.188832999999999629e+02 5.193745999999999867e+02 8.471780000000000976e-01 1.702658000000000129e+02 1.930427999999999997e+02 8.503695999999999477e-01 4.221112000000000080e+03 2.654945000000000164e+03 5.223373000000000275e+02 2.758247000000000298e+03 1.564148000000000138e+02 3.873987999999999765e+00 7.602817999999999302e+04
5.189814999999999827e+02 1.839222999999999956e+03 6.019439000000000561e+01 5.197919000000000551e+02 5.194628000000000156e+02 8.489230999999999305e-01 1.710768999999999949e+02 1.965540000000000020e+02 8.508921000000000401e-01 4.027248000000000047e+03 2.331255000000000109e+03 5.234026000000000067e+02 2.632267000000000280e+03 1.618209999999999980e+02 4.142695999999999934e+00 7.590738000000000466e+04
5.174787999999999784e+02 1.741342999999999847e+03 5.963598999999999961e+01 5.176784999999999854e+02 5.181630000000000109e+02 8.477203999999999295e-01 1.707443000000000097e+02 2.000928999999999860e+02 8.504127000000000214e-01 4.222998999999999796e+03 2.612215999999999894e+03 5.177549000000000206e+02 2.847314000000000306e+03 1.653474999999999966e+02 3.332650000000000112e+00 7.353489999999999418e+04
5.162980000000000018e+02 2.240121000000000095e+03 6.605929000000000428e+01 5.005910000000000082e+02 5.169569000000000187e+02 8.502180000000000293e-01 1.697641000000000133e+02 2.041550000000000011e+02 8.532610000000000472e-01 4.071518000000000029e+03 2.585802000000000135e+03 5.200345999999999549e+02 2.943134000000000015e+03 1.602973000000000070e+02 2.420247999999999955e+00 7.462130000000000291e+04
5.142315999999999576e+02 1.614693999999999960e+03 6.078824999999999790e+01 5.145673000000000457e+02 5.157445999999999913e+02 8.516377000000000530e-01 1.719595999999999947e+02 1.992786999999999864e+02 8.510402999999999718e-01 4.125782999999999447e+03 2.376469999999999800e+03 5.155415000000000418e+02 2.717692000000000007e+03 1.646561000000000092e+02 3.751297000000000104e+00 7.279963000000000466e+04
5.151002999999999474e+02 1.713229000000000042e+03 6.293780999999999892e+01 5.158469000000000051e+02 5.159328000000000429e+02 8.498423000000000505e-01 1.711312000000000069e+02 1.997930000000000064e+02 8.506261000000000516e-01 4.038538000000000011e+03 2.492257000000000062e+03 5.159928999999999633e+02 2.854125000000000000e+03 1.602862000000000080e+02 4.198595000000000077e+00 7.360227999999999884e+04
5.109388000000000147e+02 1.691470000000000027e+03 6.277841999999999700e+01 4.989241999999999848e+02 5.163699000000000296e+02 8.505851000000000939e-01 1.707607999999999890e+02 1.987225999999999999e+02 8.508904000000000467e-01 3.851852000000000317e+03 2.315041000000000167e+03 5.152877999999999474e+02 2.612927999999999884e+03 1.632497999999999934e+02 4.027319000000000315e+00 7.462900999999999476e+04
5.161031000000000404e+02 2.084012000000000171e+03 6.049640999999999735e+01 5.131977000000000544e+02 5.172300000000000182e+02 8.471625000000000405e-01 1.707588000000000079e+02 1.993631000000000029e+02 8.497995000000000410e-01 4.236657000000000153e+03 2.707188000000000102e+03 5.209031999999999698e+02 2.954960000000000036e+03 1.642890999999999906e+02 3.590921999999999947e+00 6.945908000000000175e+04
5.159516999999999598e+02 2.271137000000000171e+03 5.854999000000000109e+01 5.016102000000000203e+02 5.161485999999999876e+02 8.476353000000000915e-01 1.705355000000000132e+02 2.035809000000000140e+02 8.492076999999998987e-01 4.179640999999999622e+03 2.653255000000000109e+03 5.203908000000000129e+02 2.985632999999999811e+03 1.608470000000000084e+02 1.799916000000000071e+00 7.447852000000000407e+04
5.163740999999999985e+02 1.772857999999999947e+03 6.197351999999999350e+01 5.171630999999999858e+02 5.167096999999999980e+02 8.483427999999999525e-01 1.717215999999999951e+02 1.978468000000000018e+02 8.498107000000000300e-01 4.288096999999999753e+03 2.642708000000000084e+03 5.169086999999999534e+02 2.970270999999999731e+03 1.607712999999999965e+02 3.542251000000000261e+00 7.169294000000000233e+04
5.147871000000000095e+02 1.716269000000000005e+03 5.909496000000000038e+01 5.148280999999999494e+02 5.153567000000000462e+02 8.487269000000000618e-01 1.711811999999999898e+02 1.895421000000000049e+02 8.489735999999998839e-01 4.117523000000000138e+03 2.535927000000000135e+03 5.157852000000000317e+02 2.692334000000000287e+03 1.585023999999999944e+02 4.517081000000000124e+00 7.235375999999999476e+04
5.010258000000000038e+02 2.149643000000000029e+03 6.030323000000000633e+01 4.990727999999999724e+02 5.032284000000000219e+02 8.467585999999999169e-01 1.725501999999999896e+02 2.013025000000000091e+02 8.509919999999999707e-01 4.626346999999999753e+03 2.803512999999999920e+03 5.089467000000000212e+02 3.008090999999999894e+03 1.641837999999999909e+02 3.428443000000000129e+00 6.379444999999999709e+04
5.151453999999999951e+02 1.698977999999999838e+03 6.373848000000000269e+01 5.154796999999999798e+02 5.163966000000000349e+02 8.485658000000001477e-01 1.715692999999999984e+02 1.988070000000000164e+02 8.488590000000000302e-01 4.165698000000000320e+03 2.413250000000000000e+03 5.160883999999999787e+02 2.849915999999999713e+03 1.606935000000000002e+02 4.089667999999999637e+00 7.415716000000000349e+04
5.174922000000000253e+02 2.039944999999999936e+03 6.076613000000000397e+01 5.145647000000000162e+02 5.169320999999999913e+02 8.477675999999999545e-01 1.715263999999999953e+02 2.010097000000000094e+02 8.493829999999999991e-01 4.503180999999999585e+03 2.732840000000000146e+03 5.197867999999999711e+02 2.975630000000000109e+03 1.662691000000000088e+02 3.201259999999999994e+00 7.416289999999999418e+04
5.171784999999999854e+02 1.776807000000000016e+03 6.120389999999999731e+01 5.175157000000000380e+02 5.182631999999999834e+02 8.463340000000000307e-01 1.713648000000000025e+02 2.016719999999999970e+02 8.505004999999998816e-01 4.244028000000000247e+03 2.602722000000000207e+03 5.180637000000000398e+02 2.895938000000000102e+03 1.609937999999999931e+02 3.282958999999999516e+00 7.328667999999999302e+04
5.153886999999999716e+02 1.621247000000000071e+03 6.111066999999999183e+01 5.163875000000000455e+02 5.164532000000000380e+02 8.490443000000000850e-01 1.704449999999999932e+02 1.984484999999999957e+02 8.503296999999998551e-01 4.212065999999999804e+03 2.418030999999999949e+03 5.159568000000000438e+02 2.686867999999999938e+03 1.669723999999999933e+02 3.749534999999999840e+00 7.113483000000000175e+04
5.029578000000000202e+02 2.081880999999999858e+03 6.722551999999998884e+01 5.063552000000000248e+02 5.104631999999999721e+02 8.472087999999999841e-01 1.704308000000000050e+02 1.935394000000000005e+02 8.494693000000000938e-01 4.284210999999999331e+03 2.714974999999999909e+03 5.132445999999999913e+02 2.755602000000000317e+03 1.601547999999999945e+02 4.439512000000000569e+00 6.759267999999999302e+04
5.189770999999999503e+02 2.075628999999999905e+03 6.133106000000000080e+01 5.147541999999999689e+02 5.185267000000000053e+02 8.480253000000000929e-01 1.719894999999999925e+02 2.015925000000000011e+02 8.498200000000000198e-01 4.555034999999999854e+03 2.829454999999999927e+03 5.202423999999999751e+02 3.049849000000000160e+03 1.716836000000000126e+02 3.162284999999999791e+00 7.367510000000000582e+04
5.147871000000000095e+02 1.702828999999999951e+03 5.893583999999999889e+01 5.152780000000000200e+02 5.162616000000000440e+02 8.475395000000000012e-01 1.708795000000000073e+02 1.893819000000000017e+02 8.480709999999999082e-01 4.063467999999999847e+03 2.497132999999999811e+03 5.157852000000000317e+02 2.659790999999999713e+03 1.581836999999999875e+02 4.478613000000000177e+00 7.270572000000000116e+04
5.177776000000000067e+02 1.718559999999999945e+03 5.948969000000000307e+01 5.183848000000000411e+02 5.183577999999999975e+02 8.481499000000000121e-01 1.705531000000000006e+02 2.002642999999999915e+02 8.507491999999999832e-01 4.170423999999999978e+03 2.578042999999999665e+03 5.186001999999999725e+02 2.819294000000000324e+03 1.665159999999999911e+02 3.304332000000000047e+00 7.399703999999999360e+04
5.116700999999999908e+02 2.182663999999999760e+03 6.159296999999999400e+01 5.134464000000000397e+02 5.143585000000000491e+02 8.462950000000000195e-01 1.706237000000000137e+02 1.922229999999999848e+02 8.499965000000000437e-01 4.453739999999999782e+03 2.836302999999999884e+03 5.177256999999999607e+02 2.899630999999999858e+03 1.660157000000000096e+02 3.366908000000000012e+00 7.145327000000000407e+04
5.037380000000000564e+02 2.137282999999999902e+03 6.442493000000000336e+01 5.086301000000000272e+02 5.117237000000000080e+02 8.486289000000000193e-01 1.699024000000000001e+02 1.934329999999999927e+02 8.507078999999999613e-01 4.394072000000000116e+03 2.776320999999999913e+03 5.138660999999999603e+02 2.831304999999999836e+03 1.581588000000000136e+02 4.387758999999999965e+00 6.690853999999999360e+04
5.175647000000000162e+02 2.058576000000000022e+03 6.084794999999999732e+01 5.139900999999999840e+02 5.183003999999999678e+02 8.479193000000001534e-01 1.712647000000000048e+02 2.014987000000000137e+02 8.497500000000000053e-01 4.515503999999999905e+03 2.781704999999999927e+03 5.202084999999999582e+02 3.017887000000000171e+03 1.694955999999999960e+02 3.168520999999999699e+00 7.341227000000000407e+04
5.148748000000000502e+02 1.695673999999999978e+03 5.881770000000000209e+01 5.136781999999999471e+02 5.155701999999999998e+02 8.488124999999999698e-01 1.726989000000000090e+02 1.967266999999999939e+02 8.500530000000000586e-01 4.239395000000000437e+03 2.466597000000000207e+03 5.167164000000000215e+02 2.841728000000000065e+03 1.648267999999999915e+02 3.600183999999999607e+00 7.241399000000000524e+04
5.142421000000000504e+02 1.952019000000000005e+03 6.295373000000000729e+01 5.132155000000000200e+02 5.159333000000000311e+02 8.481105999999999367e-01 1.718077999999999861e+02 2.015466999999999871e+02 8.505260000000000042e-01 4.703300000000000182e+03 2.840288000000000011e+03 5.152999999999999545e+02 3.058002999999999702e+03 1.735955999999999904e+02 3.198214000000000112e+00 7.168866999999999825e+04
4.999184000000000196e+02 2.122018000000000029e+03 6.167648000000000508e+01 4.965500000000000114e+02 5.012937999999999761e+02 8.468295000000000128e-01 1.725101999999999975e+02 2.013112000000000137e+02 8.509068000000000742e-01 4.601889000000000124e+03 2.767018000000000029e+03 5.078380000000000223e+02 2.980079000000000178e+03 1.623644999999999925e+02 3.428923000000000165e+00 6.512500000000000000e+04
5.151527999999999565e+02 1.753684999999999945e+03 6.154305000000000092e+01 5.155597999999999956e+02 5.159731000000000449e+02 8.487752000000000629e-01 1.711632999999999925e+02 1.939913999999999987e+02 8.505235999999999352e-01 4.174606999999999971e+03 2.449192999999999756e+03 5.162264000000000124e+02 2.667126999999999953e+03 1.622486000000000104e+02 4.174894999999999357e+00 7.170699000000000524e+04
5.137892000000000507e+02 1.621202000000000226e+03 6.056533000000000300e+01 5.146064999999999827e+02 5.152331000000000358e+02 8.482456000000000440e-01 1.723565999999999860e+02 1.978341000000000065e+02 8.489341999999998611e-01 4.224734000000000378e+03 2.407889999999999873e+03 5.155449999999999591e+02 2.790184999999999945e+03 1.625212999999999965e+02 3.828698999999999852e+00 7.315280999999999767e+04
5.156080000000000609e+02 1.986687000000000126e+03 6.226049000000000433e+01 5.148270999999999731e+02 5.180094000000000278e+02 8.482745999999998787e-01 1.718351000000000113e+02 2.019031999999999982e+02 8.503630999999999274e-01 4.706532000000000153e+03 2.880619999999999891e+03 5.162136000000000422e+02 3.069262999999999920e+03 1.746238999999999919e+02 3.163893999999999984e+00 7.072691000000000349e+04
5.141929000000000087e+02 1.966071000000000140e+03 6.221479999999999677e+01 5.134477000000000544e+02 5.168537999999999784e+02 8.481809000000001264e-01 1.713814000000000135e+02 2.017196000000000140e+02 8.504561999999999955e-01 4.674287999999999556e+03 2.855545000000000073e+03 5.156915000000000191e+02 3.056990999999999985e+03 1.731799000000000035e+02 3.183504999999999807e+00 7.049846000000000640e+04
5.115197000000000003e+02 2.166110999999999876e+03 6.178829999999999956e+01 5.141231999999999971e+02 5.144158999999999651e+02 8.462771999999999517e-01 1.707768000000000086e+02 1.922074000000000069e+02 8.499583000000000554e-01 4.441146999999999935e+03 2.818955999999999676e+03 5.177839000000000169e+02 2.872164000000000215e+03 1.664802999999999997e+02 3.359198000000000128e+00 7.129841000000000349e+04
5.096662999999999784e+02 2.206119000000000142e+03 6.111171999999999827e+01 5.092488999999999919e+02 5.117450999999999794e+02 8.441450000000000342e-01 1.716992999999999938e+02 1.995797000000000025e+02 8.480219000000001062e-01 4.712235999999999876e+03 2.850642000000000280e+03 5.167874000000000478e+02 3.079103000000000065e+03 1.639969000000000108e+02 3.369816999999999840e+00 6.788966000000000349e+04
5.126866999999999734e+02 2.135902999999999793e+03 6.106054999999999922e+01 5.132131000000000540e+02 5.141861999999999853e+02 8.463485999999998954e-01 1.702052999999999940e+02 1.922664000000000044e+02 8.500651000000000179e-01 4.400346999999999753e+03 2.785795000000000073e+03 5.185144999999999982e+02 2.902105000000000018e+03 1.653432999999999993e+02 3.390038999999999803e+00 7.219760000000000582e+04
5.203628999999999678e+02 1.593132000000000062e+03 6.062205000000000155e+01 5.224008999999999787e+02 5.215709000000000515e+02 8.488124999999999698e-01 1.711893000000000029e+02 1.989070000000000107e+02 8.505566999999999434e-01 3.958072999999999865e+03 2.431441000000000258e+03 5.200596000000000458e+02 2.661534999999999854e+03 1.665471000000000004e+02 3.632429000000000130e+00 7.579155999999999767e+04
5.147599000000000160e+02 1.726926000000000158e+03 5.967065999999999804e+01 5.179730000000000700e+02 5.145603999999999587e+02 8.482248999999999484e-01 1.727355000000000018e+02 1.977012000000000000e+02 8.496447999999999778e-01 4.275452000000000226e+03 2.539092999999999847e+03 5.160039000000000442e+02 2.909364000000000033e+03 1.604301000000000101e+02 3.602923000000000542e+00 7.197708999999999651e+04
5.154530999999999494e+02 1.718041000000000167e+03 6.322581999999999880e+01 5.132360999999999649e+02 5.165524000000000342e+02 8.499985000000001012e-01 1.716442999999999870e+02 1.998750000000000000e+02 8.499892999999999477e-01 4.075004000000000360e+03 2.472472000000000207e+03 5.158713000000000193e+02 2.868000000000000000e+03 1.593492999999999995e+02 4.122266000000000652e+00 7.408977000000000407e+04
5.151036000000000286e+02 1.740012000000000171e+03 6.186268000000000455e+01 5.126680000000000064e+02 5.162474999999999454e+02 8.477898000000001488e-01 1.723891000000000133e+02 1.982624000000000137e+02 8.500286000000000231e-01 4.244960999999999331e+03 2.519840999999999894e+03 5.160039000000000442e+02 2.892287000000000262e+03 1.612856999999999914e+02 3.608933999999999642e+00 7.112883000000000175e+04
5.155902999999999565e+02 1.651602999999999838e+03 6.269134999999999991e+01 5.151776999999999589e+02 5.169660999999999831e+02 8.493738999999999040e-01 1.711664000000000101e+02 1.998703999999999894e+02 8.501153000000000182e-01 4.048135999999999967e+03 2.418809999999999945e+03 5.166296999999999571e+02 2.776929999999999836e+03 1.618872000000000071e+02 3.816648999999999958e+00 7.471927000000000407e+04
5.176056999999999562e+02 2.067302000000000135e+03 6.081359000000000492e+01 5.135742000000000189e+02 5.182808999999999742e+02 8.478928000000000020e-01 1.710304999999999893e+02 2.014753000000000043e+02 8.497325999999999491e-01 4.543576000000000022e+03 2.792519999999999982e+03 5.201884000000000015e+02 3.037172000000000025e+03 1.687193000000000040e+02 3.170080000000000009e+00 7.355863000000000466e+04
5.166919000000000324e+02 2.141460000000000036e+03 5.938416999999999746e+01 5.184597999999999729e+02 5.168732999999999720e+02 8.487505999999999107e-01 1.707478000000000122e+02 1.984576000000000136e+02 8.503864999999999341e-01 4.404971999999999753e+03 2.761355000000000018e+03 5.212657000000000380e+02 2.835920000000000073e+03 1.563280000000000030e+02 3.929911000000000154e+00 7.687307000000000698e+04
5.129552999999999656e+02 1.928732999999999947e+03 6.313239000000000090e+01 5.137907999999999902e+02 5.157557000000000471e+02 8.480168999999999624e-01 1.723876999999999953e+02 2.012596000000000060e+02 8.506191999999999087e-01 4.695932999999999993e+03 2.815505999999999858e+03 5.147919999999999163e+02 3.026137999999999920e+03 1.730395000000000039e+02 3.217825999999999631e+00 7.154758000000000175e+04
5.134492999999999938e+02 1.952562999999999874e+03 6.326129000000000246e+01 5.130240000000000009e+02 5.158445000000000391e+02 8.480636999999998649e-01 1.723892999999999915e+02 2.013997999999999990e+02 8.505726000000000120e-01 4.727987000000000080e+03 2.848512999999999920e+03 5.150389999999999873e+02 3.063782999999999902e+03 1.733865000000000123e+02 3.208019999999999872e+00 7.228841000000000349e+04
5.175040000000000191e+02 2.094985999999999876e+03 5.977821999999999747e+01 5.146345999999999776e+02 5.175814000000000306e+02 8.484709000000000279e-01 1.711725000000000136e+02 2.006459999999999866e+02 8.519763000000001307e-01 4.673323000000000320e+03 2.844396999999999935e+03 5.208201999999999998e+02 3.057579999999999927e+03 1.669823000000000093e+02 3.352055000000000451e+00 6.429219999999999709e+04
5.002875000000000227e+02 2.124050999999999931e+03 6.138000999999999863e+01 4.972200000000000273e+02 5.017312999999999761e+02 8.468059000000001113e-01 1.727196000000000140e+02 2.013083000000000027e+02 8.509351999999998917e-01 4.595496000000000095e+03 2.760938000000000102e+03 5.079657000000000266e+02 2.980047000000000025e+03 1.632032000000000096e+02 3.428762999999999561e+00 6.445898000000000320e+04
5.197146999999999935e+02 1.859637999999999920e+03 6.233616999999999564e+01 5.213995999999999640e+02 5.211459999999999582e+02 8.487594000000000527e-01 1.716377999999999986e+02 1.969128000000000043e+02 8.495624999999999982e-01 4.059142000000000280e+03 2.360627999999999702e+03 5.247309999999999945e+02 2.601788999999999760e+03 1.601072000000000060e+02 4.247962999999999489e+00 7.705247999999999593e+04
5.066798999999999751e+02 2.224932000000000244e+03 6.051986999999999739e+01 5.059459999999999695e+02 5.092633000000000152e+02 8.441948000000000230e-01 1.727265999999999906e+02 2.001604000000000099e+02 8.477236999999999689e-01 4.779465999999999440e+03 2.891754000000000360e+03 5.140521999999999707e+02 3.111978000000000065e+03 1.611046000000000049e+02 3.389429000000000247e+00 6.714985000000000582e+04
5.196870000000000118e+02 1.886301000000000158e+03 6.179716999999999416e+01 5.188342000000000098e+02 5.201101999999999634e+02 8.476075999999999055e-01 1.724519999999999982e+02 1.955785999999999945e+02 8.486008999999999913e-01 3.971126999999999953e+03 2.376365999999999985e+03 5.246616000000000213e+02 2.576842000000000098e+03 1.626875000000000000e+02 4.175148000000000081e+00 7.716747999999999593e+04
5.166719000000000506e+02 1.777402000000000044e+03 6.276516999999999769e+01 5.173858000000000175e+02 5.178460999999999785e+02 8.484461999999999282e-01 1.717675000000000125e+02 1.979299000000000035e+02 8.499145000000000172e-01 4.308768000000000029e+03 2.645750999999999749e+03 5.172540000000000191e+02 2.959467000000000098e+03 1.610415999999999883e+02 3.533285999999999927e+00 7.185300000000000000e+04
5.105178000000000225e+02 2.169427999999999884e+03 6.173139000000000465e+01 5.100833999999999833e+02 5.122858999999999696e+02 8.458451999999999638e-01 1.719747999999999877e+02 1.997058000000000106e+02 8.502321000000000462e-01 4.750265000000000327e+03 2.877095999999999549e+03 5.169396000000000413e+02 3.093958000000000084e+03 1.642891999999999939e+02 3.330592999999999915e+00 6.971830999999999767e+04
5.209927000000000135e+02 2.026412000000000035e+03 6.105008000000000123e+01 5.166115999999999531e+02 5.180670000000000073e+02 8.467059000000001223e-01 1.700940000000000225e+02 1.914978999999999871e+02 8.504135999999999918e-01 4.173378999999999905e+03 2.654250000000000000e+03 5.215960999999999785e+02 2.822827999999999975e+03 1.640777999999999963e+02 3.182808000000000082e+00 7.528442999999999302e+04
5.148284999999999627e+02 1.772477000000000089e+03 6.155009000000000441e+01 5.151449999999999818e+02 5.153911000000000513e+02 8.487607000000000346e-01 1.718641000000000076e+02 1.944257000000000062e+02 8.502756999999999676e-01 4.291157999999999447e+03 2.501126000000000204e+03 5.160349999999999682e+02 2.715572999999999865e+03 1.609966000000000008e+02 4.163050000000000139e+00 7.126227000000000407e+04
5.154647999999999683e+02 1.678632999999999811e+03 6.275854000000000354e+01 5.162916000000000167e+02 5.162868999999999460e+02 8.486740999999999868e-01 1.713080999999999960e+02 1.948983000000000061e+02 8.500216999999998801e-01 4.314827999999999520e+03 2.506018000000000029e+03 5.162548000000000457e+02 2.734163000000000011e+03 1.624693000000000040e+02 4.143562999999999441e+00 7.020608999999999651e+04
5.173601999999999634e+02 1.706037000000000035e+03 5.748010999999999626e+01 5.168718000000000075e+02 5.182140000000000555e+02 8.496411000000000380e-01 1.708889000000000067e+02 2.020748000000000104e+02 8.527309999999999057e-01 4.317264000000000124e+03 2.489703999999999724e+03 5.184266000000000076e+02 2.846827999999999975e+03 1.606854999999999905e+02 3.255292999999999992e+00 7.508061999999999534e+04
5.146400999999999613e+02 1.599746000000000095e+03 5.884870999999999697e+01 5.153538999999999533e+02 5.153943000000000438e+02 8.476080999999999754e-01 1.714983000000000004e+02 1.977427000000000135e+02 8.481841999999998327e-01 4.102942000000000007e+03 2.354837999999999738e+03 5.154424999999999955e+02 2.736150999999999840e+03 1.630075999999999965e+02 3.820596000000000103e+00 7.330344000000000233e+04
5.187096999999999980e+02 1.792950000000000045e+03 6.034825000000000017e+01 5.189072999999999638e+02 5.194067000000000007e+02 8.469939000000000773e-01 1.715101999999999975e+02 1.964838000000000022e+02 8.493917999999999191e-01 3.950354000000000269e+03 2.278103999999999814e+03 5.233264000000000351e+02 2.539527000000000044e+03 1.631312000000000069e+02 4.118148999999999837e+00 7.566125000000000000e+04
5.192382999999999811e+02 1.772507999999999811e+03 6.114421999999999713e+01 5.197722999999999729e+02 5.199222999999999502e+02 8.489020000000000454e-01 1.713354999999999961e+02 1.961525000000000034e+02 8.502770000000000605e-01 3.883019000000000233e+03 2.256161000000000058e+03 5.240207000000000335e+02 2.499612000000000080e+03 1.634260999999999910e+02 4.166330999999999563e+00 7.584408999999999651e+04
5.169743999999999460e+02 1.606682000000000016e+03 6.193024000000000484e+01 5.177419999999999618e+02 5.186472999999999729e+02 8.485378000000000087e-01 1.712169000000000096e+02 1.962305000000000064e+02 8.502915000000000889e-01 4.058847000000000207e+03 2.383936000000000149e+03 5.182450999999999794e+02 2.662800000000000182e+03 1.625694000000000017e+02 3.973341999999999707e+00 7.459952000000000407e+04
5.040907000000000266e+02 2.105717000000000098e+03 6.064700999999999453e+01 4.982022999999999797e+02 5.042060999999999922e+02 8.469475000000000753e-01 1.727218000000000018e+02 2.013257999999999868e+02 8.507648000000000987e-01 4.511996000000000095e+03 2.743042999999999665e+03 5.111927000000000021e+02 2.947689000000000306e+03 1.633916000000000111e+02 3.429723000000000521e+00 6.856680000000000291e+04
5.150114999999999554e+02 1.727464999999999918e+03 5.897034000000000020e+01 5.151698999999999842e+02 5.155291999999999462e+02 8.488124999999999698e-01 1.724635000000000105e+02 1.967479999999999905e+02 8.501111999999999558e-01 4.268980999999999767e+03 2.506619999999999891e+03 5.164307999999999765e+02 2.886782999999999902e+03 1.636571000000000140e+02 3.610307000000000155e+00 7.166177000000000407e+04
5.173582000000000107e+02 2.222375000000000000e+03 5.593371999999999389e+01 5.160419999999999163e+02 5.181702000000000226e+02 8.476110000000000033e-01 1.692694999999999936e+02 1.968063999999999965e+02 8.510377000000000081e-01 4.403829000000000633e+03 2.819825999999999567e+03 5.223330999999999449e+02 2.921119000000000142e+03 1.549244999999999948e+02 3.679180999999999813e+00 7.747861999999999534e+04
5.163019000000000460e+02 2.266775000000000091e+03 6.642843000000000586e+01 5.005937000000000126e+02 5.170607999999999720e+02 8.501277000000000417e-01 1.699781000000000120e+02 2.040561999999999898e+02 8.541718000000000366e-01 4.133065999999999804e+03 2.615226000000000113e+03 5.200022999999999911e+02 2.984460999999999785e+03 1.596842000000000041e+02 2.521560000000000024e+00 7.483044999999999709e+04
5.173532999999999902e+02 2.037131000000000085e+03 6.109208999999999889e+01 5.179631000000000540e+02 5.174157999999999902e+02 8.471056999999998505e-01 1.701963000000000079e+02 1.914912999999999954e+02 8.505260000000000042e-01 4.148850000000000364e+03 2.645055999999999585e+03 5.209542000000000144e+02 2.773330999999999676e+03 1.654952000000000112e+02 3.163247000000000142e+00 7.439653999999999360e+04
5.163730000000000473e+02 1.995346000000000004e+03 6.218993000000000393e+01 5.146711000000000240e+02 5.182437999999999647e+02 8.484621999999999442e-01 1.720628000000000100e+02 2.024847000000000037e+02 8.501767999999999548e-01 4.620551999999999680e+03 2.869359000000000378e+03 5.176141000000000076e+02 3.033832000000000335e+03 1.729372999999999934e+02 3.135781999999999847e+00 7.351952000000000407e+04
5.165395999999999503e+02 1.746586000000000013e+03 5.971114000000000033e+01 5.175046999999999571e+02 5.176729000000000269e+02 8.494361999999998636e-01 1.713052999999999884e+02 2.004771000000000072e+02 8.530037000000000313e-01 4.212489000000000487e+03 2.585188999999999851e+03 5.175258999999999787e+02 2.829217999999999847e+03 1.648947000000000003e+02 3.285228000000000037e+00 7.400555000000000291e+04
5.185162000000000262e+02 1.646242000000000189e+03 6.005630000000000024e+01 5.185213999999999714e+02 5.192769999999999300e+02 8.492254000000001302e-01 1.719910999999999888e+02 1.973737000000000137e+02 8.500523000000000939e-01 3.962772999999999683e+03 2.469614999999999782e+03 5.188409000000000333e+02 2.713354000000000269e+03 1.632255000000000109e+02 3.421340000000000270e+00 7.484986000000000058e+04
5.170130000000000337e+02 1.769938999999999851e+03 6.119986999999999711e+01 5.175317999999999756e+02 5.181757000000000062e+02 8.463540000000000507e-01 1.710005999999999915e+02 2.015535000000000139e+02 8.506464000000000247e-01 4.246307999999999993e+03 2.609787000000000262e+03 5.179817000000000462e+02 2.887964000000000397e+03 1.623172000000000139e+02 3.310178000000000065e+00 7.303855000000000291e+04
4.981351999999999975e+02 2.132227000000000317e+03 6.408371999999999957e+01 4.951465000000000032e+02 5.007343000000000188e+02 8.428818000000001254e-01 1.719148000000000138e+02 1.976649999999999920e+02 8.465312000000000392e-01 4.513587000000000444e+03 2.766159999999999854e+03 5.072665000000000077e+02 2.985472000000000207e+03 1.627241999999999962e+02 3.693205999999999989e+00 6.280123000000000320e+04
5.192063000000000557e+02 1.783226000000000113e+03 6.079316000000000031e+01 5.199202999999999975e+02 5.197010000000000218e+02 8.472630999999999357e-01 1.710464000000000055e+02 1.964346999999999923e+02 8.503015999999999908e-01 3.924970999999999549e+03 2.266380999999999858e+03 5.235268999999999551e+02 2.527090999999999894e+03 1.624089999999999918e+02 4.129392000000000174e+00 7.529444000000000233e+04
5.187730999999999995e+02 1.991401000000000067e+03 6.101386999999999716e+01 5.204533999999999878e+02 5.181203000000000429e+02 8.487559999999999549e-01 1.706562000000000126e+02 1.979240000000000066e+02 8.502719000000000804e-01 3.807440000000000055e+03 2.418115999999999985e+03 5.222798000000000229e+02 2.742602000000000317e+03 1.585747000000000071e+02 4.315553999999999668e+00 7.627733999999999651e+04
5.179420000000000073e+02 2.067614999999999782e+03 6.107358000000000686e+01 5.137354000000000269e+02 5.183972999999999729e+02 8.479723000000000122e-01 1.717006000000000085e+02 2.015456000000000074e+02 8.497850000000000126e-01 4.520773000000000138e+03 2.812354000000000269e+03 5.202486999999999853e+02 3.031663000000000011e+03 1.711918000000000006e+02 3.165402999999999967e+00 7.377274000000000524e+04
5.186334000000000515e+02 1.655632999999999811e+03 5.908678000000000452e+01 5.164257000000000062e+02 5.184275999999999840e+02 8.488124999999999698e-01 1.727016000000000133e+02 1.966556999999999960e+02 8.500075000000000269e-01 3.999057000000000244e+03 2.419902999999999793e+03 5.177679000000000542e+02 2.761340999999999894e+03 1.650526999999999873e+02 3.566440000000000055e+00 7.426055999999999767e+04
5.133749000000000251e+02 1.602242999999999938e+03 6.172520000000000095e+01 5.123143999999999778e+02 5.149301000000000386e+02 8.503953000000001872e-01 1.717971000000000004e+02 1.993266000000000133e+02 8.512598000000000109e-01 3.924527000000000044e+03 2.399496000000000095e+03 5.147759999999999536e+02 2.642664000000000215e+03 1.663601999999999919e+02 3.717334999999999834e+00 7.374911000000000058e+04
5.173058999999999514e+02 1.732982999999999947e+03 6.011891999999999570e+01 5.177663999999999760e+02 5.180502000000000180e+02 8.474716999999998279e-01 1.706979999999999791e+02 2.003185000000000002e+02 8.502178999999999709e-01 4.183145999999999731e+03 2.604536000000000058e+03 5.178313000000000557e+02 2.829984000000000378e+03 1.619215000000000089e+02 3.349044999999999828e+00 7.396988000000000466e+04
5.063254999999999768e+02 2.110326000000000022e+03 6.368026999999999305e+01 5.113301000000000158e+02 5.138592999999999620e+02 8.479040000000001021e-01 1.701151999999999873e+02 1.924300000000000068e+02 8.497732000000000063e-01 4.346725999999999658e+03 2.751021999999999935e+03 5.157611000000000558e+02 2.788099999999999909e+03 1.621497999999999990e+02 4.312479999999999869e+00 6.803997999999999593e+04
5.171453999999999951e+02 1.782410000000000082e+03 6.100076999999999572e+01 5.175189000000000306e+02 5.182657000000000380e+02 8.463456999999999786e-01 1.713302999999999940e+02 2.016483000000000061e+02 8.505296999999998331e-01 4.266770000000000437e+03 2.610952000000000226e+03 5.180472999999999502e+02 2.891249000000000251e+03 1.602389000000000010e+02 3.288402999999999743e+00 7.341838000000000466e+04
5.178440000000000509e+02 1.726757999999999811e+03 6.668119000000000085e+01 5.155811999999999671e+02 5.188736999999999853e+02 8.466249000000000136e-01 1.706362000000000023e+02 2.014484999999999957e+02 8.506421000000000676e-01 4.260239000000000487e+03 2.487541999999999916e+03 5.185883000000000038e+02 2.877485999999999876e+03 1.594353000000000122e+02 3.514633000000000340e+00 7.395094999999999709e+04
5.163026999999999589e+02 1.990588999999999942e+03 6.306038000000000210e+01 5.147491999999999734e+02 5.181852000000000089e+02 8.484152999999999833e-01 1.717969999999999970e+02 2.023798999999999921e+02 8.502234000000000735e-01 4.685295000000000073e+03 2.885457000000000335e+03 5.175294999999999845e+02 3.045037000000000262e+03 1.737946000000000026e+02 3.134475999999999818e+00 7.275261000000000058e+04
5.172487999999999602e+02 1.629213999999999942e+03 6.039524000000000115e+01 5.158736000000000104e+02 5.194823000000000093e+02 8.488124999999999698e-01 1.725674999999999955e+02 1.972358999999999867e+02 8.500440000000000218e-01 4.117545999999999367e+03 2.410702999999999975e+03 5.180326999999999771e+02 2.706809999999999945e+03 1.639978999999999871e+02 3.448335999999999846e+00 7.457502000000000407e+04
5.187877999999999474e+02 1.768568999999999960e+03 6.291549000000000547e+01 5.198206000000000131e+02 5.201105999999999767e+02 8.488610000000000877e-01 1.716761999999999944e+02 1.961648000000000138e+02 8.499830999999999914e-01 3.922822999999999865e+03 2.264302000000000135e+03 5.238834000000000515e+02 2.511070000000000164e+03 1.621355000000000075e+02 4.220602999999999660e+00 7.539483999999999651e+04
4.974800000000000182e+02 2.146146999999999935e+03 6.566006000000000142e+01 4.945865999999999758e+02 5.002651000000000181e+02 8.430107000000000017e-01 1.721827000000000112e+02 1.978942000000000121e+02 8.465312000000000392e-01 4.555765000000000327e+03 2.785759000000000015e+03 5.065625999999999749e+02 3.008359000000000378e+03 1.627314000000000078e+02 3.689417999999999864e+00 6.275891000000000349e+04
5.154411999999999807e+02 1.758557000000000016e+03 6.137038000000000437e+01 5.161910000000000309e+02 5.155459999999999354e+02 8.487595999999999474e-01 1.716220999999999890e+02 1.944345999999999890e+02 8.502579999999999583e-01 4.224257999999999811e+03 2.461626999999999953e+03 5.160213999999999714e+02 2.677010000000000218e+03 1.607866999999999962e+02 4.163110999999999784e+00 7.135550999999999476e+04
5.172509000000000015e+02 1.691668999999999869e+03 5.714350999999999914e+01 5.175149999999999864e+02 5.179654000000000451e+02 8.490159999999999929e-01 1.714784999999999968e+02 2.007757000000000005e+02 8.502559999999999008e-01 4.281485999999999876e+03 2.444050999999999931e+03 5.183173000000000457e+02 2.799395999999999731e+03 1.584158999999999935e+02 3.295191999999999677e+00 7.486658999999999651e+04
5.169142000000000507e+02 1.767894999999999982e+03 6.102989999999999782e+01 5.167759999999999536e+02 5.174756999999999607e+02 8.455840000000000023e-01 1.702084999999999866e+02 2.017767000000000053e+02 8.503838000000000230e-01 4.188077000000000226e+03 2.591318999999999960e+03 5.181292999999999438e+02 2.880004000000000360e+03 1.616842000000000041e+02 3.261184000000000083e+00 7.403282000000000698e+04
5.162776000000000067e+02 1.663460000000000036e+03 6.207245000000000346e+01 5.165940000000000509e+02 5.155638000000000147e+02 8.497051999999999383e-01 1.708084000000000060e+02 1.983558999999999912e+02 8.498632999999999882e-01 3.888307999999999993e+03 2.425114999999999782e+03 5.160417999999999665e+02 2.786913000000000011e+03 1.621143999999999892e+02 4.075097000000000413e+00 7.539261999999999534e+04
5.191286999999999807e+02 1.789664999999999964e+03 6.014029000000000025e+01 5.195729000000000042e+02 5.196530000000000200e+02 8.470708000000000126e-01 1.707712999999999965e+02 1.964697999999999922e+02 8.497355999999999243e-01 3.909210999999999785e+03 2.258862999999999829e+03 5.233836999999999762e+02 2.519853999999999814e+03 1.631023999999999887e+02 4.121361000000000274e+00 7.528369999999999709e+04
5.191834000000000060e+02 1.793056000000000040e+03 6.027409000000000106e+01 5.199396000000000413e+02 5.196721999999999753e+02 8.471476999999999480e-01 1.712758000000000038e+02 1.964558000000000106e+02 8.500792999999999822e-01 3.952329999999999927e+03 2.257335000000000036e+03 5.234410000000000309e+02 2.529989999999999782e+03 1.629522000000000048e+02 4.124573000000000711e+00 7.543338999999999942e+04
5.143194999999999482e+02 1.600047000000000025e+03 6.070666999999999547e+01 5.149281999999999471e+02 5.157667000000000144e+02 8.515689000000000730e-01 1.719552999999999940e+02 1.992351999999999919e+02 8.509693999999999869e-01 4.063342999999999847e+03 2.371728999999999814e+03 5.159039999999999964e+02 2.695550000000000182e+03 1.647872000000000128e+02 3.755542999999999854e+00 7.287453999999999360e+04
5.125295999999999594e+02 1.953832000000000107e+03 6.347030000000000172e+01 5.121408000000000129e+02 5.144148999999999887e+02 8.477590000000000403e-01 1.721272999999999911e+02 2.002701999999999884e+02 8.508753000000001121e-01 4.744180000000000291e+03 2.832964000000000397e+03 5.148781000000000176e+02 3.041199999999999818e+03 1.666418999999999926e+02 3.271758000000000166e+00 6.927194000000000233e+04
5.152548000000000457e+02 1.692734999999999900e+03 6.326669000000000409e+01 5.144849000000000387e+02 5.169741999999999962e+02 8.485928000000000360e-01 1.715524000000000058e+02 1.988010999999999910e+02 8.488931999999999034e-01 4.133003999999999905e+03 2.406971000000000004e+03 5.162608000000000175e+02 2.837344999999999800e+03 1.607567999999999984e+02 4.087193000000000076e+00 7.435888000000000466e+04
5.157802000000000362e+02 1.766898999999999887e+03 6.147120000000000317e+01 5.146592000000000553e+02 5.155596000000000458e+02 8.478254999999998986e-01 1.718432999999999993e+02 1.974243999999999915e+02 8.492916999999999828e-01 4.261595000000000255e+03 2.614400000000000091e+03 5.160039000000000442e+02 2.981610000000000127e+03 1.615686000000000035e+02 3.587077999999999989e+00 7.149325999999999476e+04
5.148686999999999898e+02 1.714430000000000064e+03 5.944214000000000198e+01 5.153287000000000262e+02 5.159872000000000298e+02 8.492775000000000185e-01 1.718081999999999994e+02 1.950763000000000034e+02 8.485475000000000101e-01 4.034617999999999938e+03 2.517175000000000182e+03 5.160321999999999889e+02 2.637580999999999676e+03 1.654533000000000129e+02 3.555482000000000031e+00 7.223610000000000582e+04
5.154438999999999851e+02 1.691733999999999924e+03 6.242866999999999678e+01 5.158304000000000542e+02 5.161281999999999925e+02 8.486868000000000745e-01 1.715529999999999973e+02 1.948397999999999968e+02 8.498143999999999698e-01 4.326475000000000364e+03 2.528813000000000102e+03 5.160797999999999774e+02 2.746061999999999898e+03 1.611939000000000135e+02 4.166096999999999717e+00 7.009875000000000000e+04
5.118899000000000115e+02 2.127969000000000051e+03 6.099838000000000449e+01 5.112755999999999972e+02 5.133576000000000477e+02 8.473245999999998723e-01 1.719543999999999926e+02 1.997490000000000236e+02 8.511081000000000341e-01 4.709561999999999898e+03 2.854839000000000397e+03 5.169269000000000460e+02 3.074825999999999567e+03 1.642479999999999905e+02 3.320787000000000155e+00 7.012744000000000233e+04
5.128596000000000004e+02 1.935697000000000116e+03 6.273731000000000080e+01 5.133156999999999925e+02 5.153482999999999947e+02 8.479465000000000474e-01 1.726355000000000075e+02 2.011111999999999966e+02 8.506890999999999758e-01 4.702819999999999709e+03 2.813065999999999804e+03 5.145509999999999309e+02 2.996579000000000178e+03 1.726280999999999892e+02 3.232534999999999936e+00 7.081827000000000407e+04
5.172451999999999543e+02 1.708256000000000085e+03 6.127013000000000176e+01 5.173528000000000020e+02 5.181014999999999873e+02 8.483760000000000190e-01 1.707752999999999872e+02 2.003726000000000056e+02 8.487925999999998972e-01 4.193878999999999905e+03 2.567902999999999793e+03 5.176609999999999445e+02 2.782856999999999971e+03 1.672969999999999970e+02 3.289428000000000019e+00 7.395038000000000466e+04
5.202397999999999456e+02 1.536717999999999847e+03 6.075829999999999842e+01 5.218772999999999911e+02 5.215434999999999945e+02 8.488124999999999698e-01 1.715971000000000117e+02 1.989569999999999936e+02 8.506620999999998656e-01 3.745472000000000207e+03 2.364632999999999811e+03 5.197655999999999494e+02 2.579132000000000062e+03 1.660062000000000069e+02 3.645163999999999849e+00 7.622313000000000466e+04
5.044238000000000284e+02 2.123349999999999909e+03 6.336598000000000752e+01 5.093156000000000176e+02 5.125821999999999434e+02 8.479094999999999827e-01 1.703300999999999874e+02 1.930629999999999882e+02 8.501753000000000782e-01 4.370350000000000364e+03 2.757126999999999953e+03 5.145982000000000198e+02 2.807442999999999756e+03 1.596279000000000110e+02 4.350119999999999543e+00 6.712819999999999709e+04
5.146028999999999769e+02 2.098175999999999931e+03 5.946921999999999287e+01 5.112405999999999722e+02 5.147617000000000189e+02 8.481066999999998801e-01 1.718440999999999974e+02 2.008248000000000104e+02 8.490859000000000600e-01 4.612359000000000378e+03 2.809237999999999829e+03 5.182247999999999593e+02 3.058254000000000360e+03 1.648300000000000125e+02 3.229677000000000131e+00 7.286922999999999593e+04
5.158354000000000497e+02 1.609769000000000005e+03 5.916741999999999280e+01 5.194425999999999704e+02 5.156441999999999553e+02 8.498748999999999887e-01 1.712961999999999989e+02 1.988454000000000121e+02 8.503123999999999683e-01 4.120194000000000415e+03 2.413125000000000000e+03 5.158401000000000067e+02 2.769044000000000324e+03 1.608509999999999991e+02 3.871912999999999716e+00 7.243347999999999593e+04
5.151259000000000015e+02 1.796287999999999784e+03 6.057339999999999947e+01 5.156423999999999523e+02 5.158872999999999820e+02 8.488033999999999857e-01 1.712259999999999991e+02 1.935826999999999884e+02 8.502480999999999511e-01 4.193998999999999796e+03 2.439157999999999902e+03 5.180424000000000433e+02 2.631929999999999836e+03 1.597100000000000080e+02 4.220350999999999964e+00 7.156747999999999593e+04
5.186290000000000191e+02 1.653717000000000098e+03 6.042155999999999949e+01 5.194578000000000202e+02 5.198581000000000358e+02 8.495152000000000259e-01 1.723169000000000040e+02 1.974330999999999960e+02 8.500555000000000749e-01 3.972583000000000084e+03 2.474190000000000055e+03 5.191249000000000251e+02 2.733639999999999873e+03 1.648149999999999977e+02 3.425701000000000107e+00 7.497180000000000291e+04
5.120811999999999671e+02 2.120090999999999894e+03 6.109496000000000038e+01 5.113167000000000257e+02 5.133849000000000160e+02 8.475481000000000265e-01 1.721271000000000129e+02 1.997706000000000017e+02 8.510849000000000331e-01 4.744510000000000218e+03 2.865084000000000287e+03 5.169207000000000107e+02 3.090054000000000087e+03 1.646941999999999950e+02 3.315884999999999749e+00 7.053386999999999534e+04
5.192285000000000537e+02 1.767868999999999915e+03 6.065678000000000480e+01 5.198174000000000206e+02 5.198550000000000182e+02 8.478784999999999794e-01 1.719962999999999909e+02 1.962395999999999958e+02 8.493850000000000566e-01 3.875014999999999873e+03 2.249083000000000084e+03 5.239447000000000116e+02 2.479030999999999949e+03 1.628232999999999890e+02 4.155088000000000115e+00 7.648366000000000349e+04
5.023344999999999914e+02 2.121797000000000025e+03 6.492907999999999902e+01 5.057040000000000077e+02 5.096141999999999825e+02 8.495310999999999835e-01 1.705585000000000093e+02 1.935937000000000126e+02 8.512328999999999590e-01 4.354938000000000102e+03 2.760889000000000124e+03 5.127754999999999654e+02 2.806657999999999902e+03 1.591300999999999988e+02 4.420692999999999984e+00 6.671130000000000291e+04
5.061181000000000267e+02 2.104260000000000218e+03 6.289361999999999853e+01 5.109553999999999974e+02 5.132387999999999693e+02 8.485039000000000886e-01 1.697751000000000090e+02 1.922392000000000110e+02 8.494715000000000460e-01 4.347555999999999585e+03 2.738805999999999585e+03 5.158585000000000491e+02 2.784529000000000451e+03 1.630690999999999917e+02 4.284251000000000253e+00 6.811558999999999651e+04
5.149172999999999547e+02 1.674697999999999865e+03 5.990925999999999618e+01 5.159257999999999811e+02 5.163742999999999483e+02 8.485544000000000420e-01 1.716924999999999955e+02 1.957387999999999977e+02 8.493738999999999040e-01 4.256028000000000247e+03 2.503862000000000080e+03 5.164423000000000457e+02 2.724155999999999949e+03 1.679064999999999941e+02 3.787737999999999605e+00 7.134061000000000058e+04
5.166923000000000457e+02 2.243713999999999942e+03 5.936251000000000033e+01 4.998125999999999749e+02 5.163637999999999693e+02 8.508498999999999368e-01 1.697800000000000011e+02 2.041741000000000099e+02 8.530950999999998841e-01 4.085805999999999585e+03 2.613913999999999760e+03 5.202613000000000056e+02 2.961112999999999829e+03 1.610504999999999995e+02 1.711061000000000165e+00 7.433525999999999476e+04
5.182092999999999847e+02 2.036493999999999915e+03 6.039750000000000085e+01 5.144990999999999985e+02 5.182418000000000120e+02 8.478396999999998629e-01 1.712504000000000133e+02 2.014284000000000106e+02 8.496976000000000528e-01 4.512880999999999403e+03 2.771708000000000084e+03 5.201482999999999493e+02 2.996914000000000215e+03 1.688069000000000131e+02 3.173197999999999741e+00 7.420433999999999651e+04
5.171838999999999942e+02 1.630789999999999964e+03 6.039620999999999640e+01 5.165258999999999787e+02 5.192373999999999796e+02 8.488124999999999698e-01 1.722727999999999895e+02 1.972216999999999985e+02 8.500429000000000457e-01 4.106920000000000073e+03 2.400938000000000102e+03 5.180250999999999522e+02 2.696929000000000087e+03 1.644384000000000015e+02 3.451709999999999834e+00 7.424125999999999476e+04
5.174631000000000540e+02 1.733585000000000036e+03 5.938400999999999641e+01 5.177422000000000253e+02 5.181527999999999565e+02 8.476978000000000568e-01 1.709301000000000101e+02 2.001134000000000128e+02 8.503950000000001230e-01 4.173837000000000444e+03 2.584683999999999742e+03 5.177617999999999938e+02 2.820385000000000218e+03 1.648026000000000124e+02 3.334141000000000243e+00 7.370622999999999593e+04
5.022216000000000236e+02 2.122257999999999811e+03 6.486884000000000583e+01 5.021609000000000265e+02 5.053908999999999878e+02 8.511440999999998480e-01 1.722406000000000006e+02 2.011004000000000076e+02 8.540181999999998386e-01 4.486969000000000051e+03 2.766157000000000153e+03 5.107316999999999894e+02 2.964537000000000262e+03 1.657555999999999869e+02 3.636381999999999781e+00 6.299708999999999651e+04
5.147871000000000095e+02 1.690960000000000036e+03 5.907451999999999259e+01 5.152122000000000526e+02 5.155384999999999991e+02 8.506674000000000735e-01 1.710814000000000021e+02 1.894256000000000029e+02 8.500254000000000421e-01 4.062909999999999854e+03 2.501447000000000116e+03 5.158449000000000524e+02 2.683530999999999949e+03 1.585673999999999921e+02 4.420911000000000257e+00 7.308930000000000291e+04
5.149693999999999505e+02 1.691902000000000044e+03 6.113553000000000281e+01 5.156789999999999736e+02 5.167299000000000433e+02 8.485492000000000035e-01 1.714440999999999917e+02 1.958699000000000012e+02 8.493556999999999357e-01 4.280510999999999513e+03 2.506054000000000087e+03 5.163473000000000184e+02 2.734717000000000098e+03 1.683917999999999893e+02 3.773734999999999840e+00 7.133492999999999302e+04
5.156721000000000004e+02 1.663605999999999995e+03 6.157419999999999760e+01 5.152672999999999774e+02 5.161956999999999880e+02 8.507488999999999191e-01 1.712018999999999949e+02 1.996252000000000066e+02 8.509014000000001410e-01 4.249378999999999905e+03 2.439864999999999782e+03 5.162056000000000040e+02 2.819847000000000207e+03 1.629885999999999910e+02 3.812031999999999865e+00 7.163222999999999593e+04
5.169927999999999884e+02 1.778847000000000207e+03 6.102634000000000469e+01 5.172477000000000089e+02 5.175203999999999951e+02 8.457716000000000678e-01 1.703855000000000075e+02 2.017430999999999983e+02 8.504129999999999745e-01 4.250194000000000415e+03 2.622307999999999993e+03 5.181130000000000564e+02 2.887242999999999938e+03 1.600714000000000112e+02 3.266627999999999865e+00 7.299608000000000175e+04
5.169337000000000444e+02 1.745426000000000158e+03 6.065424000000000149e+01 5.176871999999999616e+02 5.180284000000000333e+02 8.463644000000000167e-01 1.710646999999999878e+02 2.014350000000000023e+02 8.507921999999998874e-01 4.237675999999999476e+03 2.598287000000000262e+03 5.178997000000000526e+02 2.887267000000000280e+03 1.598119000000000085e+02 3.337397000000000169e+00 7.285182000000000698e+04
5.100192999999999870e+02 2.189887999999999920e+03 6.202230000000000132e+01 5.100880999999999972e+02 5.120552000000000135e+02 8.446628000000000469e-01 1.722889000000000124e+02 1.995978000000000065e+02 8.485040999999998723e-01 4.707675999999999476e+03 2.846123000000000047e+03 5.169710999999999785e+02 3.066932999999999993e+03 1.641563999999999908e+02 3.355107999999999979e+00 6.993894000000000233e+04
5.138348999999999478e+02 1.701807999999999993e+03 6.309044000000000096e+01 5.142327000000000226e+02 5.149785000000000537e+02 8.499578999999999329e-01 1.724609999999999843e+02 1.952575999999999965e+02 8.505658999999999859e-01 4.318793999999999869e+03 2.533903999999999996e+03 5.154652999999999565e+02 2.779489000000000033e+03 1.644716999999999985e+02 4.042436000000000362e+00 7.212986000000000058e+04
5.202014000000000351e+02 1.897827999999999975e+03 6.292965999999999838e+01 5.209452999999999747e+02 5.202593000000000529e+02 8.472379000000000993e-01 1.711862000000000137e+02 1.959500999999999920e+02 8.480777000000000454e-01 4.048629000000000360e+03 2.380971000000000004e+03 5.241829999999999927e+02 2.681336999999999989e+03 1.596040999999999883e+02 4.188067000000000206e+00 7.628663999999999942e+04
5.192327000000000226e+02 1.773583999999999833e+03 5.987396999999999281e+01 5.197980000000000018e+02 5.198839000000000397e+02 8.485295000000000476e-01 1.714858999999999867e+02 1.962023000000000081e+02 8.499314000000000036e-01 3.895152000000000044e+03 2.246372000000000298e+03 5.239772000000000389e+02 2.503862999999999829e+03 1.619851999999999919e+02 4.159906999999999577e+00 7.620919000000000233e+04
5.151260999999999513e+02 1.756213999999999942e+03 6.191676999999999254e+01 5.152709999999999582e+02 5.156412000000000262e+02 8.487658999999999621e-01 1.717300999999999931e+02 1.943814000000000135e+02 8.503642999999999619e-01 4.187184000000000196e+03 2.456297000000000025e+03 5.161033999999999651e+02 2.680055999999999585e+03 1.618468000000000018e+02 4.162745000000000140e+00 7.170611000000000058e+04
5.188823999999999614e+02 2.003375999999999976e+03 6.160414000000000101e+01 5.206249000000000251e+02 5.182409999999999854e+02 8.486681999999998727e-01 1.705491000000000099e+02 1.979552999999999940e+02 8.503656999999998911e-01 3.956569000000000415e+03 2.407683999999999742e+03 5.222669999999999391e+02 2.772985000000000127e+03 1.580845999999999947e+02 4.301263999999999754e+00 7.555952999999999884e+04
5.156694999999999709e+02 2.049336999999999989e+03 5.962406999999999613e+01 5.118007999999999811e+02 5.158687999999999647e+02 8.479470999999999536e-01 1.721470000000000198e+02 2.009117999999999995e+02 8.492256999999999723e-01 4.525238000000000284e+03 2.767305999999999585e+03 5.189115000000000464e+02 2.989527000000000044e+03 1.658936999999999955e+02 3.215289999999999981e+00 7.455525999999999476e+04
5.155990000000000464e+02 1.717354000000000042e+03 6.386975000000000335e+01 5.165453999999999724e+02 5.158953000000000202e+02 8.493870000000001141e-01 1.710992999999999995e+02 1.997960999999999956e+02 8.498825000000000962e-01 4.041585999999999785e+03 2.502282000000000153e+03 5.160163999999999760e+02 2.902595999999999549e+03 1.605038999999999874e+02 3.919780000000000264e+00 7.409669999999999709e+04
5.030556000000000267e+02 2.147052999999999884e+03 6.416253000000000384e+01 5.026258000000000266e+02 5.064252000000000180e+02 8.509825999999999224e-01 1.723802000000000021e+02 2.010949999999999989e+02 8.534659999999999469e-01 4.548681999999999789e+03 2.788407000000000153e+03 5.109103000000000065e+02 2.995907999999999902e+03 1.650122000000000071e+02 3.632592999999999961e+00 6.292147000000000116e+04
4.991218999999999824e+02 2.114380000000000109e+03 6.731826999999999828e+01 4.988217000000000212e+02 5.029923999999999751e+02 8.517898999999999887e-01 1.727618999999999971e+02 2.006368999999999971e+02 8.547266000000000030e-01 4.464963999999999942e+03 2.746385000000000218e+03 5.084581999999999766e+02 2.958268000000000029e+03 1.640500999999999863e+02 3.651534999999999975e+00 6.189505000000000291e+04
5.159492999999999938e+02 1.778922999999999774e+03 6.182368000000000308e+01 5.156127000000000180e+02 5.155443999999999960e+02 8.479979999999999185e-01 1.717835000000000036e+02 1.975675999999999988e+02 8.494646999999998505e-01 4.265534000000000560e+03 2.609764000000000124e+03 5.155348999999999933e+02 2.963856999999999971e+03 1.596922000000000139e+02 3.572135999999999978e+00 7.267347000000000116e+04
5.174701999999999771e+02 2.053657999999999902e+03 6.030069000000000301e+01 5.145959000000000287e+02 5.170840000000000600e+02 8.476878000000001023e-01 1.722584999999999980e+02 2.010533000000000072e+02 8.494529000000000662e-01 4.532962000000000444e+03 2.760269000000000233e+03 5.198671000000000504e+02 2.994972999999999956e+03 1.681012000000000057e+02 3.195024000000000086e+00 7.435502000000000407e+04
5.184192000000000462e+02 1.651316000000000031e+03 5.948421999999999343e+01 5.164194999999999709e+02 5.185588999999999942e+02 8.488124999999999698e-01 1.723241999999999905e+02 1.966699000000000126e+02 8.500054000000000221e-01 4.054379000000000360e+03 2.403740999999999985e+03 5.177527999999999793e+02 2.741864999999999782e+03 1.637396999999999991e+02 3.573188999999999726e+00 7.375317999999999302e+04
5.195236999999999625e+02 1.524890000000000100e+03 6.064633000000000607e+01 5.196541999999999462e+02 5.205869000000000142e+02 8.488124999999999698e-01 1.718303999999999974e+02 1.989903999999999940e+02 8.507324000000000552e-01 3.700252999999999702e+03 2.324037000000000262e+03 5.193519000000000005e+02 2.550768000000000029e+03 1.655403000000000020e+02 3.653655000000000097e+00 7.657994000000000233e+04
5.169578000000000202e+02 1.735051000000000158e+03 6.076106000000000051e+01 5.187409999999999854e+02 5.176870000000000118e+02 8.463832000000000022e-01 1.709550999999999874e+02 2.010354000000000099e+02 8.510546999999998308e-01 4.310657000000000153e+03 2.602295000000000073e+03 5.179438000000000102e+02 2.876382000000000062e+03 1.620306999999999960e+02 3.375587000000000337e+00 7.260238999999999942e+04
5.150579000000000178e+02 1.593684999999999945e+03 5.964000000000000057e+01 5.156278999999999542e+02 5.166349999999999909e+02 8.466019000000000183e-01 1.723401000000000067e+02 1.976970000000000027e+02 8.474891999999999426e-01 4.094478000000000065e+03 2.341778999999999996e+03 5.155135000000000218e+02 2.727389000000000124e+03 1.640647999999999911e+02 3.816544999999999632e+00 7.281219999999999709e+04
5.184328000000000429e+02 1.745145999999999958e+03 6.168803000000000480e+01 5.189817000000000462e+02 5.183451000000000022e+02 8.463500000000000467e-01 1.708059999999999832e+02 2.023948000000000036e+02 8.498405999999999461e-01 4.246069000000000415e+03 2.585864999999999782e+03 5.182549000000000206e+02 2.907864000000000033e+03 1.618888000000000034e+02 3.236686999999999870e+00 7.342563000000000466e+04
5.127319999999999709e+02 1.925067999999999984e+03 6.344708000000000681e+01 5.133914999999999509e+02 5.146317999999999984e+02 8.478528000000000731e-01 1.719458999999999946e+02 2.008053999999999917e+02 8.507822000000000440e-01 4.744369999999999891e+03 2.811489000000000033e+03 5.142296999999999798e+02 3.008907999999999902e+03 1.685659999999999741e+02 3.252145999999999759e+00 7.002435000000000582e+04
5.152324999999999591e+02 1.736816000000000031e+03 6.154305000000000092e+01 5.133768999999999778e+02 5.160230000000000246e+02 8.478834999999999011e-01 1.726518000000000086e+02 1.985671000000000106e+02 8.499610000000000776e-01 4.129585999999999331e+03 2.528251000000000204e+03 5.159414000000000442e+02 2.889382999999999811e+03 1.608324000000000069e+02 3.611187999999999843e+00 7.243869999999999709e+04
5.070887000000000171e+02 2.182893000000000029e+03 5.912306999999999846e+01 5.064105000000000132e+02 5.093405999999999949e+02 8.465225000000000666e-01 1.724102000000000032e+02 2.008863000000000056e+02 8.494186999999999710e-01 4.692564999999999600e+03 2.842150000000000091e+03 5.138733999999999469e+02 3.045150000000000091e+03 1.623610999999999933e+02 3.413943000000000172e+00 6.681219999999999709e+04
5.143340000000000600e+02 1.786681000000000040e+03 6.076343000000000671e+01 5.147744000000000142e+02 5.158813999999999851e+02 8.488002000000000047e-01 1.713260999999999967e+02 1.936122000000000014e+02 8.503013000000000376e-01 4.218694000000000415e+03 2.438130000000000109e+03 5.177338999999999487e+02 2.649410999999999603e+03 1.611543000000000063e+02 4.215300000000000047e+00 7.214228999999999360e+04
5.148605999999999767e+02 1.665622000000000071e+03 6.124491999999999337e+01 5.161292999999999438e+02 5.163573000000000093e+02 8.485481999999999747e-01 1.709363999999999919e+02 1.958960999999999899e+02 8.493519999999999959e-01 4.234842999999999847e+03 2.483998000000000047e+03 5.162925999999999931e+02 2.713257000000000062e+03 1.671959999999999980e+02 3.770934999999999704e+00 7.111547000000000116e+04
5.179514000000000351e+02 1.657042999999999893e+03 5.874275999999999698e+01 5.188730000000000473e+02 5.182097999999999729e+02 8.488124999999999698e-01 1.730099999999999909e+02 1.966343999999999994e+02 8.500105999999999495e-01 3.969856999999999971e+03 2.446717999999999847e+03 5.177906000000000404e+02 2.770315999999999804e+03 1.642004000000000019e+02 3.556316999999999950e+00 7.499316999999999825e+04
5.148866000000000440e+02 1.659025000000000091e+03 6.149513999999999925e+01 5.157813999999999623e+02 5.159846999999999753e+02 8.485470999999999986e-01 1.710245999999999924e+02 1.959224000000000103e+02 8.493484000000000034e-01 4.252230999999999767e+03 2.492478000000000065e+03 5.162378999999999678e+02 2.715585999999999785e+03 1.676922999999999888e+02 3.768133999999999872e+00 7.097447999999999593e+04
5.158174999999999955e+02 1.684079999999999927e+03 6.187880999999999432e+01 5.166251999999999498e+02 5.161548999999999978e+02 8.490915000000001100e-01 1.722574999999999932e+02 2.003003999999999962e+02 8.500436999999999577e-01 3.904820999999999913e+03 2.453798999999999978e+03 5.165484000000000151e+02 2.800379000000000360e+03 1.631639999999999873e+02 3.871905000000000374e+00 7.410492999999999302e+04
5.030534999999999854e+02 2.129481000000000222e+03 6.095705000000000240e+01 4.976365000000000123e+02 5.034519000000000233e+02 8.469238999999999518e-01 1.724909999999999854e+02 2.013228000000000009e+02 8.507931000000000799e-01 4.580113000000000284e+03 2.766244999999999891e+03 5.103872999999999820e+02 2.979715000000000146e+03 1.634841000000000122e+02 3.429562999999999917e+00 6.735752000000000407e+04
5.154569999999999936e+02 1.671013999999999896e+03 6.221880999999999773e+01 5.162483999999999469e+02 5.162273999999999887e+02 8.486789000000000138e-01 1.716111999999999966e+02 1.948763999999999896e+02 8.499439000000000854e-01 4.301715999999999440e+03 2.505110000000000127e+03 5.161892000000000280e+02 2.723914000000000215e+03 1.633437999999999874e+02 4.158009999999999984e+00 7.017669999999999709e+04
5.153831000000000131e+02 2.125940000000000055e+03 6.040794999999999959e+01 5.135759000000000469e+02 5.173975000000000364e+02 8.472539000000001153e-01 1.710029000000000110e+02 1.997299999999999898e+02 8.499765999999999710e-01 4.313984000000000378e+03 2.763350999999999658e+03 5.209968999999999824e+02 3.005707000000000335e+03 1.645406000000000120e+02 3.594710000000000072e+00 6.891149000000000524e+04
5.165680999999999585e+02 1.720907000000000153e+03 5.990720000000000312e+01 5.183541999999999916e+02 5.176375000000000455e+02 8.505140999999999396e-01 1.710533000000000072e+02 2.005143999999999949e+02 8.530936999999999548e-01 4.151007000000000517e+03 2.572578999999999724e+03 5.175634999999999764e+02 2.802734000000000378e+03 1.676936000000000035e+02 3.287362999999999591e+00 7.393722999999999593e+04
5.178174000000000206e+02 2.010051000000000158e+03 6.097120999999999924e+01 5.187578999999999496e+02 5.180484999999999900e+02 8.469539000000000373e-01 1.703432999999999993e+02 1.915190000000000055e+02 8.505073000000000771e-01 4.105867999999999483e+03 2.611683999999999742e+03 5.215049999999999955e+02 2.744385999999999967e+03 1.651714000000000055e+02 3.166507000000000183e+00 7.506350000000000000e+04
5.122758999999999787e+02 1.994280999999999949e+03 6.340915999999999997e+01 5.119275999999999840e+02 5.143712000000000444e+02 8.476653000000000659e-01 1.722487999999999886e+02 1.998786000000000058e+02 8.509684999999999055e-01 4.709778000000000247e+03 2.828702999999999975e+03 5.157181000000000495e+02 3.042135000000000218e+03 1.666254999999999882e+02 3.291369999999999685e+00 6.950685000000000582e+04
5.137196000000000140e+02 1.581817999999999984e+03 5.921549999999999869e+01 5.140322999999999638e+02 5.150276000000000067e+02 8.478206000000000353e-01 1.718468000000000018e+02 1.977730999999999995e+02 8.484341999999999162e-01 4.123585999999999331e+03 2.357231000000000222e+03 5.153952000000000453e+02 2.747985000000000127e+03 1.629616000000000042e+02 3.823297000000000168e+00 7.364905000000000291e+04
5.063525000000000205e+02 2.143574999999999818e+03 6.340874000000000166e+01 5.111082999999999856e+02 5.135746000000000322e+02 8.476447000000000287e-01 1.696106000000000051e+02 1.920863999999999976e+02 8.492201999999999806e-01 4.410842999999999847e+03 2.786445999999999913e+03 5.159397000000000162e+02 2.824124000000000251e+03 1.612718000000000131e+02 4.260726999999999265e+00 6.820897999999999593e+04
5.102459000000000060e+02 2.163672000000000025e+03 6.229789999999999850e+01 5.101791000000000054e+02 5.122397999999999456e+02 8.452700000000000768e-01 1.721351999999999975e+02 1.996842000000000041e+02 8.495341999999999061e-01 4.731804000000000087e+03 2.851780999999999949e+03 5.169459000000000515e+02 3.071899000000000342e+03 1.646346000000000060e+02 3.335496000000000016e+00 6.971341000000000349e+04
5.147169000000000096e+02 1.750188999999999851e+03 5.997031999999999385e+01 5.183031999999999471e+02 5.144057000000000244e+02 8.480322000000000138e-01 1.727073000000000036e+02 1.976230999999999938e+02 8.495158999999999905e-01 4.287085999999999331e+03 2.577402000000000044e+03 5.160039000000000442e+02 2.938645999999999731e+03 1.602710000000000150e+02 3.602170999999999790e+00 7.207538000000000466e+04
5.170294999999999845e+02 1.758051000000000158e+03 6.144630000000000081e+01 5.175302000000000362e+02 5.181870000000000118e+02 8.463530000000000220e-01 1.706213999999999942e+02 2.015653000000000077e+02 8.506318000000001600e-01 4.224351999999999862e+03 2.605217999999999847e+03 5.179899000000000342e+02 2.878422999999999774e+03 1.613491999999999962e+02 3.307455999999999730e+00 7.251052000000000407e+04
5.171823000000000548e+02 1.772154999999999973e+03 6.305669000000000324e+01 5.178654999999999973e+02 5.182585000000000264e+02 8.485496999999999623e-01 1.719399999999999977e+02 1.982035999999999945e+02 8.500183000000001154e-01 4.290153000000000247e+03 2.638705999999999676e+03 5.175991999999999962e+02 2.960938000000000102e+03 1.616023000000000138e+02 3.524319999999999897e+00 7.212163000000000466e+04
5.176063000000000329e+02 1.701930000000000064e+03 6.439873000000000047e+01 5.215059999999999718e+02 5.170498000000000047e+02 8.487421000000000548e-01 1.707486000000000104e+02 2.030300000000000011e+02 8.504629000000001326e-01 4.224912000000000262e+03 2.528097000000000207e+03 5.172804999999999609e+02 2.862870999999999640e+03 1.626904000000000110e+02 3.237016999999999811e+00 7.477357000000000698e+04
5.159297000000000253e+02 1.647307000000000016e+03 6.154586999999999364e+01 5.199379000000000133e+02 5.149088000000000420e+02 8.504693000000000946e-01 1.716499000000000024e+02 1.995251000000000090e+02 8.507162000000000335e-01 4.137851999999999862e+03 2.459019999999999982e+03 5.162096000000000231e+02 2.798572999999999865e+03 1.645079000000000065e+02 3.791986000000000079e+00 7.058392999999999302e+04
5.173025999999999840e+02 1.787931000000000040e+03 6.236144999999999783e+01 5.180744999999999436e+02 5.184382000000000517e+02 8.485379999999999034e-01 1.727138999999999953e+02 1.983037999999999954e+02 8.500049999999998995e-01 4.339500000000000000e+03 2.668804000000000087e+03 5.178313000000000557e+02 2.987742000000000189e+03 1.614249000000000080e+02 3.518343000000000220e+00 7.207635000000000582e+04
5.154595000000000482e+02 1.680057000000000016e+03 6.257605000000000217e+01 5.153939000000000306e+02 5.162472000000000207e+02 8.486773000000000788e-01 1.716627000000000010e+02 1.948837000000000046e+02 8.499699000000000559e-01 4.325680999999999585e+03 2.522837999999999738e+03 5.162110999999999876e+02 2.732844999999999800e+03 1.627049000000000092e+02 4.153194000000000052e+00 6.987997999999999593e+04
5.186942999999999984e+02 2.093082000000000335e+03 5.964824000000000126e+01 5.185345999999999549e+02 5.183646999999999707e+02 8.471798000000000384e-01 1.701722000000000037e+02 1.934156000000000120e+02 8.498846999999999374e-01 4.095862000000000080e+03 2.569735000000000127e+03 5.221541999999999462e+02 2.885199000000000069e+03 1.557626999999999953e+02 4.115510999999999697e+00 7.474602000000000407e+04
5.191014000000000124e+02 1.790092999999999847e+03 6.007339000000000340e+01 5.193586999999999989e+02 5.196432999999999538e+02 8.470323000000000713e-01 1.709890000000000043e+02 1.964767999999999972e+02 8.495636999999999217e-01 3.933067999999999756e+03 2.269643999999999778e+03 5.233550000000000182e+02 2.516356000000000222e+03 1.633147999999999911e+02 4.119755000000000500e+00 7.518027000000000407e+04
5.175058999999999969e+02 2.044961000000000013e+03 6.050738000000000483e+01 5.139143000000000256e+02 5.168560999999999694e+02 8.478075000000000472e-01 1.724764000000000124e+02 2.009879999999999995e+02 8.493480999999999392e-01 4.502590999999999440e+03 2.743376999999999953e+03 5.197465999999999440e+02 2.977984000000000378e+03 1.676742000000000132e+02 3.204377000000000031e+00 7.424830000000000291e+04
5.165135999999999967e+02 2.036440000000000055e+03 6.135159000000000162e+01 5.145148000000000366e+02 5.183609999999999900e+02 8.483700999999999048e-01 1.724436000000000035e+02 2.023565999999999860e+02 8.500835999999999393e-01 4.640944000000000415e+03 2.874349999999999909e+03 5.177830999999999904e+02 3.068248000000000047e+03 1.732006000000000085e+02 3.142018000000000200e+00 7.448877000000000407e+04
5.189510900000001357e+02 1.698835890000000290e+03 6.628239999999999554e+01 5.188216900000001033e+02 5.197558900000000222e+02 8.558385000000000575e-01 1.733637999999999977e+02 1.983798899999999890e+02 8.582009999999999916e-01 4.351416890000000421e+03 2.537878889999999501e+03 5.197218900000001440e+02 2.752981889999999566e+03 1.646999899999999570e+02 5.623838000000000115e+00 6.951354889000000549e+04
5.162998183600000175e+02 2.240122818359999656e+03 6.606110835999999154e+01 5.005928183600000239e+02 5.169587183600000344e+02 8.520363599999999371e-01 1.697659183600000290e+02 2.041568183600000168e+02 8.550793599999999550e-01 4.071519818359999590e+03 2.585803818359999696e+03 5.200364183599999706e+02 2.943135818359999575e+03 1.602991183600000227e+02 2.422066359999999641e+00 7.462130181836000702e+04
5.113306194000000460e+02 1.691861819399999831e+03 6.317023939999999982e+01 4.993160194000000160e+02 5.167617194000000609e+02 8.558385000000000575e-01 1.711526193999999634e+02 1.991144193999999743e+02 8.582009999999999916e-01 3.852243819400000120e+03 2.315432819399999971e+03 5.156796193999999787e+02 2.613319819399999687e+03 1.636416193999999678e+02 4.419138399999999578e+00 7.462940181940000912e+04
