9.647817794493784049e+01 1.917241827909278440e+00 1.272158899999999994e+04 3.675452645896589043e+00
9.186507214014793021e+01 2.275259036165806492e+00 1.170243499999999949e+04 4.014272614935001648e+00
9.458962606874452206e+01 2.421540254704170891e+00 1.082999300000000039e+04 3.988892399850593851e+00
9.683925027072645264e+01 1.951836752383534934e+00 1.142387199999999939e+04 3.871747115423471719e+00
9.442355598150609808e+01 1.425653598140007139e+00 1.184057500000000073e+04 3.951633395988904507e+00
9.575278146727488604e+01 2.181499026515530737e+00 1.083463899999999921e+04 3.805944382866673692e+00
9.366275699580205583e+01 2.453436310853894575e+00 1.109814899999999943e+04 3.866533380236917505e+00
9.560144951300298999e+01 2.358456390459637397e+00 1.047129099999999926e+04 3.928974330759753109e+00
9.621120551327368275e+01 2.102920610826498837e+00 1.198281700000000092e+04 3.656837183208127229e+00
9.431877820160610781e+01 1.055449451873656797e+00 1.208966599999999926e+04 3.926231751160316197e+00
9.362322503400854146e+01 2.062787092596388927e+00 1.167393399999999929e+04 3.753281652395505485e+00
9.259334553093448505e+01 2.638771664178075849e+00 1.106205299999999988e+04 3.799834925797926477e+00
9.515132407844210150e+01 1.986924964445129671e+00 1.258759400000000096e+04 3.323740601285886331e+00
9.366098713464472780e+01 2.383682861677467901e+00 1.112784199999999873e+04 3.885735200878012829e+00
9.693499076526995850e+01 1.866336610574232280e+00 1.225159599999999955e+04 3.887007894994589652e+00
9.394799865549984474e+01 1.915772083881870591e+00 1.151949500000000080e+04 3.844705874251888478e+00
9.796262724045880077e+01 2.199850391621930967e+00 1.093821199999999953e+04 3.751955890169849539e+00
9.397057339401094112e+01 2.604876583340570040e+00 1.183666899999999987e+04 3.565424754211093283e+00
9.982214030507677194e+01 1.838650033868346689e+00 1.250996800000000076e+04 3.851044098622300016e+00
9.257032002083337829e+01 2.620918834617376625e+00 1.092322099999999955e+04 3.825060482971919029e+00
9.763293660449443223e+01 1.937421248866189050e+00 1.128632099999999991e+04 3.900447365659140964e+00
9.729932008273176791e+01 1.973294448543783552e+00 1.237233799999999974e+04 3.764804639097616423e+00
9.308803171703284818e+01 2.582517374680993516e+00 1.213898099999999977e+04 3.540313583563269084e+00
9.896703757400094048e+01 1.850072431738706058e+00 1.237367199999999866e+04 3.853545460915180243e+00
9.544171966352999448e+01 2.084659485381782584e+00 1.124339400000000023e+04 3.769576818960630682e+00
1.010405813938598953e+02 1.861506869886000670e+00 1.255361000000000058e+04 3.751175111374454474e+00
9.411878254155405443e+01 1.987663917843698558e+00 1.247100400000000081e+04 3.393850044808945032e+00
9.479169892143936238e+01 2.439129766719851489e+00 1.104461199999999917e+04 3.766262043907777635e+00
9.429363308396662546e+01 2.221382296935539458e+00 1.104401099999999860e+04 3.815599529695991254e+00
1.016229513062232286e+02 1.841238489691570557e+00 1.264310200000000077e+04 3.700262175190051295e+00
1.010494137636872978e+02 1.857555720749159311e+00 1.255289500000000044e+04 3.698074326618874696e+00
9.748414304519114637e+01 1.967010741505871962e+00 1.229837800000000061e+04 3.753277411803008334e+00
9.551401782069002877e+01 1.962627104478585682e+00 1.284810000000000036e+04 3.554633265249188767e+00
9.714344970456266992e+01 1.991735274988499116e+00 1.222414999999999964e+04 3.813373755106333363e+00
9.728826509600774841e+01 2.121878528622992199e+00 1.064418100000000049e+04 3.980191077362896124e+00
9.287616037236121258e+01 2.085803439362493794e+00 1.145083499999999913e+04 3.746039691319966281e+00
9.283693079234207346e+01 2.401632911783263769e+00 1.113351699999999983e+04 3.880507726152281567e+00
9.355910553509471583e+01 2.093481548427365446e+00 1.139710100000000057e+04 3.709330704203455564e+00
9.457884257658044191e+01 2.229788673477972161e+00 1.089547899999999936e+04 3.924404773950962433e+00
9.864866208073999587e+01 1.853517355091635954e+00 1.244056999999999971e+04 3.866515526178079920e+00
9.155491315261454588e+01 2.301588073169903215e+00 1.214370699999999852e+04 4.047424911477630616e+00
1.003781012218389179e+02 1.866621574509085946e+00 1.246630999999999949e+04 3.731198595955512065e+00
1.005784581757684748e+02 1.860915961721522294e+00 1.259284599999999955e+04 3.769797811697130019e+00
9.755206005637587907e+01 1.958290613270239122e+00 1.267028600000000006e+04 3.376633968657348550e+00
9.449026051473022392e+01 1.985161498752891607e+00 1.246053199999999924e+04 3.355069315815923492e+00
9.328201596617994085e+01 2.474957730756278451e+00 1.088119700000000012e+04 4.035834735705071452e+00
9.327144747826913829e+01 1.962308642675766546e+00 1.300813000000000102e+04 3.494986594421473747e+00
9.433784473360702805e+01 2.421049335467260644e+00 1.081063599999999860e+04 4.022775295154593422e+00
9.375557075698253584e+01 2.057016606750403653e+00 1.169138800000000083e+04 3.760655944809117468e+00
9.553097314257669836e+01 1.936675024480330798e+00 1.289074699999999939e+04 3.644531680804397045e+00
9.646301456841509037e+01 1.871205333521464453e+00 1.167686900000000060e+04 3.979017635542699161e+00
9.367668989626105258e+01 2.422291799159917325e+00 1.128033400000000074e+04 3.727641824557892392e+00
9.484040742965453319e+01 2.418778213055891690e+00 1.123364199999999983e+04 3.684313521076936659e+00
9.402922015414691259e+01 1.904917756507297888e+00 1.135983300000000054e+04 3.949787106125675518e+00
9.504910544302771314e+01 2.227774852578713549e+00 1.079367699999999968e+04 3.842591591870007317e+00
9.511457627592994868e+01 2.401110254667069288e+00 1.056093500000000131e+04 3.965913616216412141e+00
9.538367705466758650e+01 2.431679949572622235e+00 1.041130000000000109e+04 3.979551051008110019e+00
9.494938875776864506e+01 2.320648253764668656e+00 1.071226500000000124e+04 3.916959627233059571e+00
9.459813410930178179e+01 1.985692020347171294e+00 1.230844499999999971e+04 3.568834576758695754e+00
9.489376012895482404e+01 2.093374540120083172e+00 1.138984899999999834e+04 3.735511063500392748e+00
9.152534863043844382e+01 2.173564050227595690e+00 1.236714899999999943e+04 4.114933841005024462e+00
9.394398454859772585e+01 1.483461693006334237e+00 1.199952800000000025e+04 3.957720115120712201e+00
9.723783654521280084e+01 1.858587407599342489e+00 1.160436800000000039e+04 3.929726407683362677e+00
1.005082446641574876e+02 1.822463658617667237e+00 1.251908899999999994e+04 3.841274725274725022e+00
9.625779237419975232e+01 1.917762030713585863e+00 1.137348199999999997e+04 3.883767136801956177e+00
9.490345721377444477e+01 1.989254095124689758e+00 1.079198400000000038e+04 3.912413150447901167e+00
9.492200612161596496e+01 1.935769816012341771e+00 1.151399800000000141e+04 3.839849477136338063e+00
9.465397976206817532e+01 2.148276937180510160e+00 1.239744600000000173e+04 3.284086406173290840e+00
9.495025911097806670e+01 2.414194043253760302e+00 1.050166899999999987e+04 3.957388261898526327e+00
9.292056192508681534e+01 2.528800008438016889e+00 1.095955899999999929e+04 4.018214905757892197e+00
9.970367022596309425e+01 1.843559661410618222e+00 1.243240500000000065e+04 3.862636080479625811e+00
9.557103118905672545e+01 2.065087989920185940e+00 1.083593399999999929e+04 3.865641281841047938e+00
9.683527836034484437e+01 2.163793800943089263e+00 1.056893000000000211e+04 3.859229864182806224e+00
9.485846348521953075e+01 1.961970849101922765e+00 1.135064900000000125e+04 3.895705990697021726e+00
9.531764357329622328e+01 2.535035082109065030e+00 1.199617399999999907e+04 3.595677636096010321e+00
9.352630562136411640e+01 1.919335342318317261e+00 1.155138100000000122e+04 3.852390594074720731e+00
9.343580084413507336e+01 2.059722966170132619e+00 1.135202499999999964e+04 3.896119583652238205e+00
1.011627676851167337e+02 1.824523129041834224e+00 1.260637800000000061e+04 3.807086060292089069e+00
9.503405913628000690e+01 1.998253437060860227e+00 1.086427299999999923e+04 3.885027191099135635e+00
9.444261930308337583e+01 2.458467160852814803e+00 1.046676399999999921e+04 3.948127996775324888e+00
9.451088872459311574e+01 2.142734432669483713e+00 1.249603000000000247e+04 3.276767067190838212e+00
9.368647744084240969e+01 2.425742955015700364e+00 1.112145200000000114e+04 3.737782225599150188e+00
9.238236863513500907e+01 1.921635656948246895e+00 1.121660199999999895e+04 3.924985605192488070e+00
9.499184823319635029e+01 1.915993619590091290e+00 1.142729500000000007e+04 3.910233929562860311e+00
9.491008638919396390e+01 2.385770840309961560e+00 1.076379599999999846e+04 3.968069801016811837e+00
9.550925711756013925e+01 2.413380351382228728e+00 1.047759300000000076e+04 3.963197931971004895e+00
9.514023580680984082e+01 2.408146976980986675e+00 1.053271099999999933e+04 3.959381162429251422e+00
9.583141665304879098e+01 2.184022824536376639e+00 1.073066899999999987e+04 3.809955928081309118e+00
9.681317257634320583e+01 1.900778086915904774e+00 1.257217600000000130e+04 3.617989363686063164e+00
9.370711222926638584e+01 2.382474975575975762e+00 1.107005500000000029e+04 3.896688890391507343e+00
9.402088996195952575e+01 2.087412194714603597e+00 1.162450399999999900e+04 3.740177285934336737e+00
9.630116606774299726e+01 2.069448373244117789e+00 1.090380400000000009e+04 3.779811085850384611e+00
9.396157455713395734e+01 2.428460592353383518e+00 1.129308400000000074e+04 3.673428984045747026e+00
9.551834672448043762e+01 1.931202109396444877e+00 1.276719599999999991e+04 3.666353903127806735e+00
9.999571351199490721e+01 1.872462500470644553e+00 1.244816200000000026e+04 3.687864010009529014e+00
9.796323004556279557e+01 1.926173164386184578e+00 1.125289499999999862e+04 3.892916107891481570e+00
9.674184470483476161e+01 2.124257344675405168e+00 1.022595500000000175e+04 3.993342187601072624e+00
9.371678875313290291e+01 2.553934976847897165e+00 1.205827000000000044e+04 3.543017458452734303e+00
9.591833528180485757e+01 1.879422686027626410e+00 1.257802700000000004e+04 3.812143551626154370e+00
9.390225819370189697e+01 2.260361292311212633e+00 1.091213200000000143e+04 3.801467780371075911e+00
9.327438589933771595e+01 2.464783969724224200e+00 1.106137500000000000e+04 3.757558111501758447e+00
9.564645139275368990e+01 1.988023809620530491e+00 1.083413000000000102e+04 3.911377711646391919e+00
9.568173750676098166e+01 1.926416584024246870e+00 1.281973900000000140e+04 3.683902716655308218e+00
9.466674573813506299e+01 2.415800805017317199e+00 1.037099800000000141e+04 3.997691249172221628e+00
9.329942512393107279e+01 2.591892517816467567e+00 1.204428200000000106e+04 3.516298437193103421e+00
9.605006859074151748e+01 2.523486070689989536e+00 1.197515099999999984e+04 3.606884367024374427e+00
9.779489494299401997e+01 2.206117331857827324e+00 1.115874400000000060e+04 3.735469422950915330e+00
9.485834609494639835e+01 1.007810696195076128e+00 1.190454699999999866e+04 3.936117254093533191e+00
9.857314201893835559e+01 1.852958007689324837e+00 1.231799700000000121e+04 3.895447932384390910e+00
9.545232909664207455e+01 2.003630288704891349e+00 1.083557700000000114e+04 3.874255990498789881e+00
9.641520130158468760e+01 1.950587403856898439e+00 1.131249100000000180e+04 3.876549581963621094e+00
9.623491789972862875e+01 2.111222325049959103e+00 1.233992100000000028e+04 3.288097226205667578e+00
9.268535328796700412e+01 2.584097979090655084e+00 1.093884799999999814e+04 3.840702770727852489e+00
9.821965293643816608e+01 2.201146029522158987e+00 1.121318399999999929e+04 3.740583786202032801e+00
9.520256492480515931e+01 2.226629494182015723e+00 1.117269700000000012e+04 3.761487154640223096e+00
9.394660930654310960e+01 1.917198353146247536e+00 1.153859199999999873e+04 3.851470689700708050e+00
9.342190410996542482e+01 1.950955983320930898e+00 1.146865599999999904e+04 3.828597377483490494e+00
9.527973073134715776e+01 1.947373278255302376e+00 1.281061999999999898e+04 3.649399761679365639e+00
9.536747438551324763e+01 2.343971100712625155e+00 1.133399499999999898e+04 3.759965681516401315e+00
9.323420929958136583e+01 2.446498023789300813e+00 1.100876499999999942e+04 4.006262733795129982e+00
9.445977774265989524e+01 2.425801188319272494e+00 1.041897099999999773e+04 3.995200877156664721e+00
9.424486447046848525e+01 2.424004295111922946e+00 1.107975100000000020e+04 3.753785323015592645e+00
9.269154747811626294e+01 2.522009204387475112e+00 1.114061399999999958e+04 3.982900963417573159e+00
9.636746501536475762e+01 1.867758369300655641e+00 1.233140799999999945e+04 3.893485145834663985e+00
9.380745567047907230e+01 2.290938653752528698e+00 1.116381799999999930e+04 3.893232368571934554e+00
9.572572720068778551e+01 2.107314529162862105e+00 1.248004999999999927e+04 3.281490654379099592e+00
9.495733723697181006e+01 2.113622853186958750e+00 1.228399699999999939e+04 3.220828779377860940e+00
9.296131467806861792e+01 2.079440691335314284e+00 1.161807800000000134e+04 3.803243590333180713e+00
9.758659224363384510e+01 1.854784524421146052e+00 1.234186200000000099e+04 3.880514632369375772e+00
9.501840136208379306e+01 2.073527107626206956e+00 1.085130100000000130e+04 3.847637698013396168e+00
9.633935555058941702e+01 2.126314668417230269e+00 1.009994800000000032e+04 4.006588243989422260e+00
9.477968191647983076e+01 1.974545948029629239e+00 1.152438500000000022e+04 3.817935154318297997e+00
9.519827364612180531e+01 2.214542639815109570e+00 1.075733100000000013e+04 3.798197157829199533e+00
9.477934030420477995e+01 1.894949240658993395e+00 1.148494400000000132e+04 3.864597342599206620e+00
9.803432358666299251e+01 1.891377462329721038e+00 1.248983499999999913e+04 3.661145200321729742e+00
9.315419821861109995e+01 2.091601709336363690e+00 1.128403600000000006e+04 3.771891825049029201e+00
9.417140053198707506e+01 1.980128205871810376e+00 1.276275799999999981e+04 3.483794334673934845e+00
9.406290109913200581e+01 2.460395701530589729e+00 1.109291600000000108e+04 3.785524722152666666e+00
9.781181772869909707e+01 2.206045640366826266e+00 1.109771999999999935e+04 3.740151748252566577e+00
9.490803999768799315e+01 2.055555748222646084e+00 1.084393399999999929e+04 3.896818671175076965e+00
9.805156685061680832e+01 2.203270172828938112e+00 1.111931999999999789e+04 3.730811679723267993e+00
9.472098457251497905e+01 2.247742478556812085e+00 1.084307899999999972e+04 3.867485135335181123e+00
9.477833626102233211e+01 1.988256198874144287e+00 1.245555400000000009e+04 3.510583768428498175e+00
9.518248226222996777e+01 2.422924610981101345e+00 1.120175399999999900e+04 3.676266659751810995e+00
9.622094128228233956e+01 2.102133940418554392e+00 1.220898200000000179e+04 3.622829174826860399e+00
9.803587536750241327e+01 1.921835474673683208e+00 1.124722699999999895e+04 3.885898124736558046e+00
9.696383714534120202e+01 1.858897297398841353e+00 1.147198899999999776e+04 3.961534530562693668e+00
9.673536187189692725e+01 1.910823181351626099e+00 1.257489700000000084e+04 3.627697734323839018e+00
9.482958076612423781e+01 2.224828742810456728e+00 1.081061999999999898e+04 3.852879189487380618e+00
9.508356199435648648e+01 2.512064104484035276e+00 1.216498800000000119e+04 3.615332592420520630e+00
9.564261115681162551e+01 1.937718723422054312e+00 1.281915600000000086e+04 3.640879703279748192e+00
9.279920420271756143e+01 2.085708594830675722e+00 1.155332299999999850e+04 3.751767679768024166e+00
9.456562893048585750e+01 1.938476650642885213e+00 1.146604399999999805e+04 3.820561634120925198e+00
9.398761195765965226e+01 2.049738280795626366e+00 1.166195200000000114e+04 3.770928543096429220e+00
9.528066408743615057e+01 1.895779526157168826e+00 1.131780999999999949e+04 3.936866213251529079e+00
9.583920526606773649e+01 2.209139649950276674e+00 1.104275200000000041e+04 3.696766095989568957e+00
9.346375711509034545e+01 2.037093134947447925e+00 1.178397700000000077e+04 3.751674801507001611e+00
9.478174350048088570e+01 2.419392215082251330e+00 1.126142100000000028e+04 3.659624485691999496e+00
9.153240070939907014e+01 2.418439086995407994e+00 1.164387800000000061e+04 3.948745563611447906e+00
9.551187503289683889e+01 2.409368438905426846e+00 1.050916100000000006e+04 3.952714076928925291e+00
9.721573502229870201e+01 1.857864032412550159e+00 1.226891299999999865e+04 3.870049566201520630e+00
1.004389841084273343e+02 1.822055443055004664e+00 1.261998200000000179e+04 3.883322096615937635e+00
9.500252647899962710e+01 3.243951736175602729e+00 1.134111355999999978e+04 3.604713351467261795e+00
9.442361571070759396e+01 1.426709426366631117e+00 1.184058227343999897e+04 3.951591166399392119e+00
9.561151910713905977e+01 2.581987009893230045e+00 1.047285827759999847e+04 3.920000317309816573e+00
